462
90285 -34.12 7.699109 32.42207 False
90082 -2.575168 12.01031 16.18468 False
105 -6.525873 7.699108 16.67593 True
121 40.3108 7.699109 16.1413 True
109 5.84439 7.699109 16.65459 True
287 90.47722 12.00883 67.93757 True
90212 6.304664 12.00883 71.20895 False
90055 -33.86087 7.699109 13.43196 False
241 60.24665 12.03835 15.98612 True
300 36.46107 12.00883 74.66804 True
90157 108.4122 12.03835 18.42039 False
306 26.56861 12.00883 74.51049 True
231 25.06438 12.01031 15.97764 True
242 63.21033 12.03835 10.50066 True
90027 35.74395 3.357649 9.603951 False
355 23.10534 16.33488 16.68438 True
90297 -31.92861 18.23082 29.77801 False
115 26.01431 7.699109 16.30981 True
301 43.26494 12.00883 67.80157 True
223 -20.06679 12.01031 15.51735 True
90241 -13.67158 14.33807 18.8884 False
141 88.05699 7.689506 15.22344 True
299 53.39017 12.00883 75.31104 True
290 63.37811 12.00883 75.05338 True
90120 45.29412 12.01031 13.4448 False
1б-34 8.698419 12.00883 49.15421 True
90094 1.664411 12.01031 13.44484 False
90115 35.05711 12.01031 10.58285 False
90247 -10.39896 16.33488 13.39419 False
357 29.56692 16.33488 16.57368 True
248 74.45663 12.03835 10.33454 True
118 40.3108 7.699109 10.60957 True
90060 56.39622 7.689506 12.99128 False
90191 100.3609 12.00883 71.20895 False
90231 6.304665 12.00883 45.93261 False
90062 64.03951 7.689506 12.99128 False
90274 36.87331 18.21963 7.153916 False
1б-21 5.88351 7.667828 57.23392 True
90080 -4.165952 9.983966 18.72569 False
432 -37.716 16.33488 31.29114 True
90272 35.05283 16.33488 9.509861 False
125 49.80508 7.699109 15.88345 True
285 97.05122 12.00883 67.87785 True
90058 49.80508 7.699109 13.43198 False
90170 131.1424 12.03835 18.42037 False
90202 39.90001 12.00883 71.20895 False
90073 95.86589 7.689506 12.99124 False
314 12.98054 12.00883 74.43737 True
90248 -6.53351 16.33488 13.39419 False
90006 -35.6628 3.357649 32.43874 False
90211 9.679693 12.00883 71.20895 False
90262 36.03878 16.33488 13.39418 False
365 52.13291 16.33488 16.55784 True
90280 -35.59901 16.33488 27.34223 False
265 117.9323 12.03835 55.53474 True
346 -10.39896 16.33488 10.39826 True
90222 2.317499 7.667828 52.41286 False
90257 19.80351 16.33488 13.39418 False
113 16.67247 7.699109 16.47326 True
134 79.5378 7.689506 10.0731 True
230 15.86885 12.01031 10.18463 True
90001 -9.050955 3.357649 12.9026 False
291 73.60193 12.00883 67.74004 True
90205 29.83571 12.00883 71.20895 False
1400 -9.050955 3.357649 9.937799 True
90289 -34.03054 12.01031 31.23783 False
298 39.90001 12.00883 75.14333 True
90015 -4.236346 5.365707 18.6319 False
129 60.19118 7.689506 15.70534 True
219 -33.14037 12.01031 16.14525 True
90234 1.667653 12.00883 41.42987 False
90124 80.51351 7.689506 15.93376 False
90041 16.67247 7.699109 13.43199 False
237 39.18774 12.01031 15.44249 True
312 16.20013 12.00883 74.44227 True
90108 29.77077 12.01031 13.44481 False
90149 87.63331 12.03835 13.44477 False
245 67.69176 12.03835 15.81893 True
363 42.26643 16.33488 16.59672 True
90068 79.5378 7.689506 12.99127 False
311 23.19127 12.00883 67.47537 True
90189 93.85048 12.00883 74.28708 False
316 9.679693 12.00883 74.54436 True
282 96.13445 12.00883 74.28708 True
135 71.63393 7.689506 15.39697 True
310 19.75066 12.00883 74.51207 True
354 19.80351 16.33488 10.68259 True
90276 -30.56353 16.33488 13.39418 False
431 -32.78823 16.33488 27.34222 True
90146 83.51752 12.03835 13.44478 False
90144 80.24995 14.04081 22.02464 False
218 -33.98866 12.01031 11.26308 True
90121 52.59789 12.01 13.44479 False
90083 -0.6418028 12.01031 16.18468 False
90048 -13.71003 5.365707 18.89015 False
116 33.68845 7.699108 10.52842 True
90221 2.317499 7.667828 53.15994 False
90271 35.05283 16.33488 10.65503 False
90210 12.98054 12.00883 71.20895 False
244 66.9869 12.03835 10.28763 True
90026 35.74395 3.357649 10.36999 False
90160 104.4399 13.99606 19.31176 False
106 -2.949615 7.699109 9.783676 True
90256 16.2905 16.33488 13.39419 False
90260 29.56692 16.33488 13.39418 False
90261 32.69999 16.33488 13.39419 False
238 56.3614 12.03835 10.58127 True
90243 -15.45689 16.33488 16.48422 False
90279 -35.59901 16.33488 25.04634 False
362 32.69999 16.33488 9.877768 True
90246 -15.45689 16.33488 13.39419 False
428 -33.91136 16.33488 35.50498 True
90252 2.051788 16.33488 13.39419 False
90244 -17.07715 16.33488 16.48422 False
302 33.15411 12.00883 74.36559 True
90192 107.5268 12.00883 71.20894 False
90233 2.431793 12.00883 41.42987 False
235 36.16947 12.01031 15.44987 True
90213 2.992856 12.00883 71.20895 False
90010 -17.20593 3.357649 16.37215 False
124 60.19118 7.689506 10.24724 True
126 64.03951 7.689506 10.14768 True
90099 -23.68604 12.01031 13.44482 False
90017 36.2541 3.357649 19.5661 False
1б-26 -0.5503559 7.667828 59.15465 True
90270 36.84969 16.33488 10.65503 False
1б-27 -0.6041102 7.667828 66.00102 True
234 29.77077 12.01031 9.983603 True
250 83.51752 12.03835 10.36138 True
90282 -35.59901 16.33488 35.50499 False
90201 43.26494 12.00883 71.20896 False
90183 63.37811 12.00883 71.20896 False
303 36.46107 12.00883 67.69537 True
304 29.83571 12.00883 74.48649 True
90236 -4.189911 14.36945 18.6553 False
90029 37.11189 5.268632 7.167164 False
90042 13.02672 7.699109 13.43199 False
90054 -23.72046 7.699109 13.43197 False
90014 -0.7100258 5.365706 18.6319 False
90283 -34.12 7.699108 29.68867 False
262 124.41 12.03835 14.58701 True
90118 36.91147 13.87563 7.323332 False
1б-32 8.747424 12.00883 56.53217 True
257 95.41833 12.03835 16.10355 True
117 33.68845 7.699109 16.03401 True
90277 -34.73127 16.33488 13.39418 False
90076 102.2788 7.689506 17.9863 False
90102 -33.98866 12.01031 13.44481 False
90197 117.9323 12.03835 51.87712 False
249 74.95145 12.03835 15.59803 True
224 -10.58143 12.01031 10.06369 True
90284 -34.12 7.699109 31.1723 False
259 99.57584 12.03835 10.14389 True
90097 -18.82991 12.01031 13.44483 False
233 30.49135 12.01031 15.7248 True
90188 93.85048 12.00883 71.20895 False
90075 99.48183 7.689506 17.9863 False
307 29.83571 12.00883 67.70695 True
90013 -0.7100267 3.357649 16.20428 False
90122 56.3614 12.03835 13.44479 False
90218 2.317499 7.667828 66.00103 False
90142 80.24995 12.03835 16.06647 False
90072 91.99867 7.689506 12.99125 False
90056 40.3108 7.699109 13.43199 False
309 26.56861 12.00883 67.79862 True
90154 102.1612 12.03835 18.38732 False
90135 71.4052 12.03835 13.44478 False
90159 107.3363 12.03835 19.31176 False
221 -23.68604 12.01031 15.59737 True
322 -0.3320684 12.00883 74.57712 True
226 1.664411 12.01031 9.85997 True
283 100.3609 12.00883 67.83443 True
348 -3.063704 16.33488 10.36796 True
90164 108.3731 7.689506 17.82641 False
356 23.10534 16.33488 10.62414 True
90035 37.61351 9.631633 7.403581 False
138 88.057 7.689506 10.04774 True
90207 23.19127 12.00883 71.20895 False
90031 37.11189 7.699109 8.805079 False
1б-25 -0.08188057 7.667828 53.15993 True
90190 97.05122 12.00883 71.20895 False
90296 -31.92861 18.23082 32.52692 False
90178 51.9101 9.48835 63.44215 False
137 75.18313 7.689506 15.26049 True
90238 -2.219208 16.33488 16.38876 False
140 91.99867 7.689506 9.755466 True
358 26.29386 16.33488 10.61146 True
90254 9.139071 16.33488 13.39419 False
90079 -0.6936035 9.760252 18.72569 False
286 83.53101 12.00883 74.80982 True
90229 6.304664 12.00883 52.7337 False
90100 -30.5503 12.01031 13.44481 False
232 25.73719 12.01031 10.22441 True
90174 51.92001 7.667829 71.49669 False
90089 -13.67309 12.01031 16.35165 False
90019 36.2541 4.019259 21.386 False
90051 -14.74489 7.699109 13.43198 False
243 64.11151 12.03835 15.81972 True
90136 74.45663 12.03835 13.44478 False
320 2.992856 12.00883 74.47165 True
228 8.727172 12.01031 10.17313 True
1б-29 2.932661 7.667828 75.19476 True
90235 1.667653 12.01031 22.11765 False
368 45.36407 16.33488 10.74057 True
110 5.84439 7.699109 11.01046 True
90199 121.5698 12.03835 55.20491 False
372 52.13291 16.33488 10.28451 True
90119 39.18774 12.01031 13.4448 False
104 -14.74489 7.699108 9.643419 True
90091 -17.19614 12.01031 16.35164 False
90176 53.95261 9.488351 63.44216 False
119 37.11189 7.699108 16.10176 True
351 9.139071 16.33488 16.35551 True
90061 60.19118 7.689506 12.99128 False
101 -23.72046 7.699108 16.61877 True
349 5.850655 16.33488 16.29107 True
90242 -13.67158 16.33488 16.48422 False
90036 37.11189 7.699109 13.432 False
318 6.304664 12.00883 74.60393 True
90251 -19.76542 16.33488 13.39419 False
90028 35.74395 5.268632 7.167164 False
341 -23.64274 16.33488 16.62725 True
90069 83.47297 7.689506 12.99127 False
90152 99.57585 12.03835 13.44476 False
133 67.75812 7.689506 15.47222 True
90085 -14.74489 7.699108 15.85998 False
240 60.24665 12.03835 10.49461 True
360 29.56692 16.33488 10.75821 True
1б-35 2.927968 12.00883 52.7337 True
90240 -0.5983553 18.37335 19.05319 False
90125 80.5135 7.689505 18.8934 False
90114 36.97745 12.01031 8.89 False
246 70.59799 12.03835 10.32165 True
261 115.7629 12.03835 14.56368 True
90147 84.46952 12.03835 13.44478 False
90138 79.20197 12.03835 13.44478 False
90216 2.932661 7.667828 71.49667 False
90005 -35.6628 3.357649 22.45783 False
90259 26.29386 16.33488 13.39418 False
90163 108.3731 7.689506 18.89009 False
90066 74.51949 7.689506 12.99128 False
90228 6.304664 12.00883 56.53217 False
130 70.9336 7.689506 10.17059 True
90065 71.63393 7.689506 12.99128 False
229 5.471282 12.01031 16.2049 True
90111 36.16948 12.01031 10.58286 False
90281 -35.59901 16.33488 31.29114 False
90063 67.75812 7.689506 12.99128 False
90230 6.304664 12.00883 49.15421 False
1800 45.754 5.24273 42.19788 True
128 67.75812 7.689506 10.16823 True
359 32.69999 16.33488 16.67974 True
90132 66.9869 12.03835 13.44478 False
90172 51.92 7.667829 66.22328 False
90290 -34.03054 12.01031 32.20955 False
90156 108.4122 12.03835 17.47462 False
90113 36.97746 12.01031 10.58285 False
90123 79.5378 7.689506 15.93376 False
325 -0.3320684 12.00883 67.48377 True
120 46.45205 7.699108 10.5363 True
90009 -32.06126 5.360329 29.68868 False
90288 -34.03054 12.01031 29.57455 False
90155 102.1612 12.03835 17.47463 False
90255 12.79186 16.33488 13.39419 False
90021 36.2541 5.24273 31.77382 False
90181 53.39017 12.00883 71.20897 False
236 39.18774 12.01031 10.0657 True
90196 114.1626 12.03835 51.87713 False
100 -33.86087 7.699109 10.54082 True
90093 -2.575167 12.01031 13.44484 False
1404 22.82884 7.667828 71.49668 True
90278 -34.73127 16.33488 25.04635 False
103 -19.95868 7.699109 16.60544 True
90225 2.317499 7.667829 45.59525 False
90008 -32.06126 5.360328 32.43874 False
90295 -34.03152 16.33488 32.52693 False
90088 -13.67309 9.9604 18.86691 False
90219 2.317499 7.667829 59.15466 False
90023 51.91999 5.24273 48.4 False
131 64.03951 7.689506 15.5458 True
353 12.79186 16.33488 16.33268 True
90047 -3.014637 7.699108 16.37289 False
90043 5.84439 7.699109 13.43199 False
90182 56.97478 12.00883 71.20896 False
90140 78.12524 12.03835 18.61664 False
90167 102.1764 12.03835 18.89007 False
90039 26.01431 7.699109 13.432 False
90004 -35.16467 3.357649 22.45784 False
90145 77.99601 14.04081 22.02464 False
90275 -23.64274 16.33488 13.39419 False
247 71.4052 12.03835 15.58912 True
112 16.67247 7.699109 10.99395 True
225 -6.80893 12.01031 16.0814 True
132 74.51949 7.689506 10.07513 True
90269 36.03878 16.33488 10.65504 False
289 83.53101 12.00883 67.84122 True
90161 102.2788 7.689506 16.76886 False
266 114.1626 12.03835 55.60088 True
90070 85.04651 7.689506 12.99126 False
90266 48.53349 16.33488 13.39418 False
90249 -3.063704 16.33488 13.39419 False
90049 -6.490158 7.699109 13.43198 False
90263 38.91813 16.33488 13.39418 False
90137 74.95145 12.03835 13.44478 False
90086 -17.0219 7.699108 15.85998 False
90032 37.11189 7.699109 10.21541 False
90220 2.317499 7.667828 57.23393 False
90037 33.68845 7.699109 13.432 False
90143 80.24995 12.03835 19.46524 False
90268 36.84969 16.33488 9.34578 False
90095 -6.808929 12.01031 13.44484 False
90206 26.56861 12.00883 71.20895 False
90104 8.727172 12.01031 13.44483 False
90117 35.05711 13.87563 7.323332 False
90127 78.12524 9.745678 21.74164 False
90198 121.5698 12.03835 51.87711 False
90258 23.10534 16.33488 13.39418 False
258 95.41833 12.03835 10.20918 True
90209 16.20013 12.00883 71.20895 False
90294 -34.03152 16.33488 31.29114 False
90098 -20.06679 12.01031 13.44482 False
90265 45.36407 16.33488 13.39418 False
90011 -17.20593 5.365707 18.89016 False
90128 60.24665 12.03835 13.44479 False
123 46.45205 7.699108 15.97628 True
264 134.3853 12.03835 17.63811 True
90116 35.05711 12.01031 9.468057 False
90071 88.057 7.689506 12.99125 False
90273 35.05283 18.21963 7.153921 False
114 26.89983 7.699109 10.35299 True
90090 -14.73859 12.01031 16.35164 False
142 95.8659 7.689506 9.73284 True
364 38.91813 16.33488 10.8628 True
1б-31 8.64508 12.00883 59.92952 True
90018 36.2541 3.357649 10.37 False
90139 79.20197 12.03835 16.06648 False
288 70.33737 12.00883 74.94106 True
343 -19.76542 16.33488 16.50452 True
366 42.26643 16.33488 10.62276 True
90292 -31.72446 13.96688 29.49682 False
254 87.6333 12.03835 10.32586 True
90227 6.304664 12.00883 59.92953 False
260 108.4122 12.03835 14.62809 True
90059 56.39622 7.689505 13.43198 False
90293 -34.03152 16.33488 29.70201 False
90153 99.57585 12.03835 18.38732 False
90131 64.11151 12.03835 13.44478 False
90050 -13.64655 7.699109 13.43198 False
90141 78.12524 12.03835 15.95038 False
90166 104.3251 9.668243 18.89008 False
90064 70.9336 7.689506 12.99128 False
90264 42.26643 16.33488 13.39418 False
1401 115.763 12.03835 32.05515 True
90129 63.21033 12.03835 13.44479 False
315 16.20013 12.00883 67.50983 True
317 12.98054 12.00883 67.16585 True
90215 -3.469143 12.00883 71.20895 False
90012 -0.7100267 3.357649 12.90259 False
340 -30.56353 16.33488 10.8016 True
90204 33.15411 12.00883 71.20895 False
90106 25.06437 12.01031 13.44482 False
90169 124.41 12.03835 18.42037 False
90053 -19.95868 7.699109 13.43197 False
268 124.5915 12.03835 55.20491 True
1б-36 2.412135 12.00883 59.92952 True
90180 51.9101 12.00883 71.20897 False
90214 -0.3320684 12.00883 71.20895 False
90003 -35.16467 3.357649 12.90259 False
1б-23 5.629911 7.667828 50.01554 True
90223 2.317499 7.667828 50.01555 False
90158 108.4122 12.03835 19.31176 False
308 23.19127 12.00883 74.57244 True
90016 36.2541 3.357649 12.90259 False
90187 90.47722 12.00883 71.20895 False
90171 131.1424 12.03835 17.63812 False
90038 26.89983 7.699109 13.432 False
90057 46.45205 7.699109 13.43199 False
1402 76.73351 7.667828 70.89 True
90237 -4.189911 16.33488 16.38876 False
292 56.97478 12.00883 75.21819 True
90134 70.59799 12.03835 13.44478 False
361 36.03878 16.33488 16.58303 True
90203 36.46107 12.00883 71.20895 False
90151 95.41833 12.03835 13.44476 False
90226 -0.5164194 7.667829 45.59525 False
90245 -17.07715 18.37335 19.11065 False
90173 51.92 7.667828 70.89 False
370 48.53349 16.33488 10.50135 True
102 -23.36631 7.699109 8.69 True
90194 107.5268 12.03835 52.34682 False
90033 36.08035 7.699109 10.21541 False
90078 -0.6936035 7.699108 16.37288 False
313 19.75067 12.00883 67.39067 True
90250 -2.219208 16.33488 13.39419 False
350 5.850655 16.33488 11.24507 True
90103 5.471282 12.01031 13.44483 False
324 -3.469143 12.00883 74.67174 True
90107 25.73719 12.01031 13.44481 False
90165 107.217 7.689506 18.89008 False
90034 36.08035 9.631633 7.40358 False
90084 -0.6418028 14.0654 18.70186 False
90044 -2.953629 7.699108 13.43199 False
1б-28 -0.7146225 7.667828 71.49666 True
90101 -33.14036 12.01031 13.44481 False
90007 -34.23706 3.357649 32.43874 False
222 -18.82991 12.01031 9.948948 True
429 -37.931 16.33488 35.50499 True
90052 -14.74489 7.699109 8.69 False
122 56.39622 7.689506 10.26236 True
90291 -31.72446 13.96688 32.20954 False
90025 51.92 4.019259 53.49013 False
90184 70.33737 12.00883 71.20896 False
90217 2.317499 7.667828 71.49667 False
1б-33 8.799171 12.00883 52.7337 True
352 16.2905 16.33488 11.18501 True
295 56.97478 12.00883 68.02466 True
90133 67.69176 12.03835 13.44478 False
90193 107.5268 12.03835 55.60088 False
144 99.48183 7.689505 9.685202 True
90186 83.53101 12.00883 71.20896 False
90162 108.3731 7.689506 16.76885 False
90287 -31.70211 9.754874 29.57456 False
90067 75.18313 7.689506 12.99128 False
90105 15.86885 12.01031 13.44482 False
90126 80.51351 9.745678 21.74164 False
136 83.47297 7.689506 10.11396 True
90286 -31.70211 9.754874 32.42206 False
430 -37.92073 16.33488 25.04634 True
267 104.1874 12.03835 52.34682 True
256 91.59221 12.03835 10.06653 True
90110 36.16948 12.01031 13.44481 False
90232 2.431792 12.00883 43.9479 False
253 87.6333 12.03835 16.91853 True
143 95.86589 7.689506 16.49919 True
90087 -17.0219 9.760252 18.86691 False
90002 -17.20593 3.357649 12.90259 False
111 13.02672 7.699109 16.67149 True
90092 -17.19614 14.0654 18.87435 False
90239 -0.5983553 16.33488 16.38875 False
90208 19.75067 12.00883 71.20895 False
90168 115.763 12.03835 18.42038 False
239 45.29412 12.01031 15.67037 True
263 131.1424 12.03835 14.37728 True
90200 122.8644 12.03835 51.87711 False
90253 5.850655 16.33488 13.39419 False
90267 52.13291 16.33488 13.39418 False
90074 99.48183 7.689506 12.99124 False
90150 91.59221 12.03835 13.44477 False
90185 73.60193 12.00883 71.20896 False
90109 30.49135 12.01031 13.44481 False
284 90.47722 12.00883 74.70834 True
90046 -4.236346 7.699109 16.3729 False
1б-22 5.965631 7.667828 52.41286 True
90175 53.95261 7.667828 66.22327 False
344 -19.76542 16.33488 10.34004 True
90020 36.2541 4.019259 29.18454 False
90024 51.91999 5.24273 51.80965 False
220 -30.5503 12.01031 10.23445 True
90081 -4.165951 12.01031 16.18468 False
90195 107.5268 12.03835 51.87713 False
90179 51.9101 12.00883 66.54205 False
90096 -10.58143 12.01031 13.44483 False
90285 90286 90284
90082 90083 90093 90081
105 90049
121 90056
109
287 90187
90212 90227 90211 318 90213
90055 100 90054
241 90128
300 90203
90157 90168 90158 90156
306 90206
231 90106
242 90129
90027 90026 90028
355 90258
90297 90296
115 90039
301 90201
223 90098
90241 90242
141 90071
299 90181
290 90183
90120 239 90119 90121
1б-34 90230
90094 90235 226 90103 90093
90115 90116 90111
90247 346 90248 90246
357 90260
248 90136
118 90056
90060 90059 122 90061
90191 90190 90192 283
90231 90232 90230
90062 131 90061 90063 126
90274 90273
1б-21 90220
90080 90081 90079
432 90281
90272 90273 90271
125 90058
285 90190
90058 125 90057 90059
90170 90169 90171
90202 90201 90203 298
90073 142 143 90072 90074
314 90210
90248 90249 90247
90006 90007 90005
90211 90210 316 90212
90262 90269 90263 361 90261
365 90267
90280 90281 431 90279
265 90197
346 90247
90222 90221 1б-22 90223
90257 354 90258 90256
113 90041
134 90068
230 90105
90001 90002 1400 90012
291 90185
90205 90204 307 304 90206
1400 90001
90289 90290 90288
298 90202
90015 90046 90014
129 90061
219 90101
90234 90235 90233
90124 90123 90125
90041 113 90039 90042 112
237 90119
312 90209
90108 90109 90107 234
90149 90150 90147 254 253
245 90133
363 90264
90068 90123 134 90069 90067
311 90207
90189 90188 282
316 90211
282 90189
135 90065
310 90208
354 90257
90276 90277 340 90275
431 90280
90146 250 90147 90138
90144 90145 90143
218 90102
90121 90122 90120
90083 90084 90082
90048 90050 90011
116 90037
90221 90220 1б-25 90222
90271 90272 90269
90210 90209 317 314 90211
244 90132
90026 90018 90027
90160 90159
106 90044
90256 90257 352 90255
90260 357 360 90261 90259
90261 90262 359 362 90260
238 90122
90243 90246 90244 90242
90279 90280 90278 430
362 90261
90246 90251 90247 90243
428 90282
90252 90253 90250
90244 90245 90243
302 90204
90192 90191 90193
90233 90234 90232
235 90110
90213 90212 320 90214
90010 90002 90011
124 90061
126 90062
90099 90100 221 90098
90017 90019 90016
1б-26 90219
90270 90269 90268
1б-27 90218
234 90108
250 90146
90282 428 429 90281
90201 90180 301 90202
90183 90182 290 90184
303 90203
304 90205
90236 90237
90029 90031 90028
90042 90041 111 90043
90054 101 90053 90055
90014 90013 90015
90283 90284 90009
262 90169
90118 90268 90117
1б-32 90228
257 90151
117 90037
90277 90278 90276
90076 90075 90161
90102 90101 218
90197 90196 90198 265
249 90137
224 90096
90284 90285 90283
259 90152
90097 90096 90098 222
233 90109
90188 90187 90190 90189
90075 90074 90076
307 90205
90013 90014 90012
90122 90121 90128 238
90218 90217 1б-27 90219
90142 90139 90143
90072 90071 90073 140
90056 121 90036 90057 118
309 90206
90154 90167 90153 90155
90135 90134 90136 247
90159 90160 90158
221 90099
322 90214
226 90094
283 90191
348 90249
90164 90162 90163
356 90258
90035 90034 90114
138 90071
90207 90206 311 308 90208
90031 90032 90029
1б-25 90221
90190 90188 285 90191
90296 90297 90295
90178 90179 90176
137 90067
90238 90250 90239 90237
140 90072
358 90259
90254 351 90255 90253
90079 90080 90078
286 90186
90229 1б-35 1б-33 90230 90228
90100 90101 220 90099
232 90107
90174 90173 1404
90089 90090 90088
90019 90020 90017
90051 90050 104 90085 90053
243 90131
90136 90135 248 90137
320 90213
228 90104
1б-29 90216
90235 90094 90234
368 90265
110 90043
90199 90198 268
372 90267
90119 90110 236 237 90120
104 90051 90052
90091 90090 90092
90176 90175 90178
119 90036
351 90254
90061 90062 90060 129 124
101 90054
349 90253
90242 90243 90241
90036 90032 119 90056 90037
318 90212
90251 90275 343 344 90246
90028 90029 90027
341 90275
90069 136 90070 90068
90152 259 90153 90151
133 90063
90085 90086 90051
240 90128
360 90260
1б-35 90229
90240 90239
90125 90126 90124
90114 90113 90035
246 90134
261 90168
90147 90146 90149
90138 90139 90137 90146
90216 1404 90217 1б-29
90005 90004 90006
90259 358 90260 90258
90163 90164 90165
90066 90067 132 90065
90228 1б-32 90229 90227
130 90064
90065 90064 135 90066
229 90103
90111 90110 90115 90113
90281 90294 90282 432 90280
90063 133 90062 128 90064
90230 90231 1б-34 90229
1800 90023 90021
128 90063
359 90261
90132 244 90133 90131
90172 90025 90175 90173
90290 90291 90289
90156 90155 90157 260
90113 90111 90114
90123 90124 90068
325 90214
120 90057
90009 90283 90008
90288 90289 90287
90155 90154 90156
90255 353 90256 90254
90021 90020 1800
90181 90180 90182 299
236 90119
90196 266 90195 90197
100 90055
90093 90095 90082 90094
1404 90174 90216
90278 90279 90277
103
90225 90223 90226
90008 90007 90009
90295 90296 90294
90088 90089
90219 90218 1б-26 90220
90023 90024 1800
131 90062
353 90255
90047 90046 90044 90078
90043 90042 110 90044
90182 90181 295 292 90183
90140 90127 90141
90167 90154 90166
90039 90041 115 90038
90004 90003 90005
90145 90144
90275 90276 341 90251
247 90135
112 90041
225 90095
132 90066
90269 90271 90270 90262
289 90186
90161 90162 90076
266 90193 90196
90070 90071 90069
90266 370 90267 90265
90249 348 90250 90248
90049 90050 105 90044
90263 364 90264 90262
90137 249 90136 90138
90086 90087 90085
90032 90033 90036 90031
90220 90219 1б-21 90221
90037 117 90036 90038 116
90143 90144 90142
90268 90270 90118
90095 90096 225 90093
90206 90205 309 306 90207
90104 90105 228 90103
90117 90116 90118
90127 90126 90140
90198 90197 90200 90199
90258 355 356 90259 90257
258 90151
90209 90208 315 312 90210
90294 90295 90281 90293
90098 90097 90099 223
90265 368 90266 90264
90011 90048 90010
90128 90122 90129 240 241
123 90057
264 90171
90116 90115 90117
90071 90070 90072 138 141
90273 90274 90272
114 90038
90090 90089 90091
142 90073
364 90263
1б-31 90227
90018 90026 90016
90139 90138 90141 90142
288 90184
343 90251
366 90264
90292 90293 90291
254 90149
90227 1б-36 1б-31 90228 90212
260 90156
90059 90060 90058
90293 90294 90292
90153 90154 90152
90131 243 90129 90132
90050 90051 90048 90049
90141 90139 90140
90166 90167 90165
90064 90063 130 90065
90264 363 366 90265 90263
1401 90168
90129 90131 242 90128
315 90209
317 90210
90215 90214 324
90012 90001 90013 90016
340 90276
90204 90203 302 90205
90106 90105 90107 231
90169 90168 90170 262
90053 90051 90054
268 90199
1б-36 90227
90180 90179 90201 90181
90214 90213 322 325 90215
90003 90004 90002
1б-23 90223
90223 90222 1б-23 90225
90158 90159 90157
308 90207
90016 90012 90018 90017
90187 90186 287 284 90188
90171 90170 264 263
90038 90039 114 90037
90057 90058 90056 123 120
1402 90173
90237 90238 90236
292 90182
90134 246 90135 90133
361 90262
90203 90202 303 300 90204
90151 258 257 90152 90150
90226 90225
90245 90244
90173 90172 90174 1402
370 90266
102 90052
90194 90193 90195 267
90033 90032 90034
90078 90047 90079
313 90208
90250 90252 90249 90238
350 90253
90103 90094 229 90104
324 90215
90107 90108 90106 232
90165 90166 90163
90034 90033 90035
90084 90083
90044 90049 90047 90043 106
1б-28 90217
90101 219 90102 90100
90007 90008 90006
222 90097
429 90282
90052 104 102
122 90060
90291 90292 90290
90025 90024 90172
90184 90183 288 90185
90217 90216 1б-28 90218
1б-33 90229
352 90256
295 90182
90133 90134 245 90132
90193 90192 90194 266
144 90074
90186 90185 289 286 90187
90162 90164 90161
90287 90288 90286
90067 137 90066 90068
90105 90104 230 90106
90126 90127 90125
136 90069
90286 90287 90285
430 90279
267 90194
256 90150
90110 90109 90111 90119 235
90232 90233 90231
253 90149
143 90073
90087 90086
90002 90001 90010 90003
111 90042
90092 90091
90239 90240 90238
90208 90207 313 310 90209
90168 90157 1401 90169 261
239 90120
263 90171
90200 90198
90253 349 350 90254 90252
90267 372 365 90266
90074 90075 90073 144
90150 256 90149 90151
90185 90184 291 90186
90109 233 90108 90110
284 90187
90046 90047 90015
1б-22 90222
90175 90172 90176
344 90251
90020 90019 90021
90024 90025 90023
220 90100
90081 90082 90080
90195 90194 90196
90179 90178 90180
90096 224 90095 90097
