969
90616 -4.028663 29.35792 16.45913 False
90615 -4.028663 27.07357 19.03484 False
90614 -0.6202378 31.42386 19.15924 False
90613 -0.6202412 29.35792 16.45913 False
90612 -2.178009 29.35792 16.45916 False
90611 -2.178013 29.35792 13.55994 False
90610 -17.08782 31.41691 18.92545 False
90609 -17.0878 29.35792 16.63821 False
701 -18.82591 29.35792 10.32641 True
703 -15.45981 29.35792 6.965351 True
90608 -15.45982 29.35792 10.32647 False
90607 -14.68645 29.35792 10.32654 False
90606 -14.68642 29.35792 13.56004 False
700 -26.03465 29.35792 17.08267 True
90605 -20.09252 29.35792 17.08265 False
90604 -20.09253 29.35792 13.56004 False
708 6.370445 29.35792 17.19297 True
90603 1.769992 29.35792 17.193 False
706 -0.9602518 29.35792 22.21039 True
90602 1.769992 29.35792 22.21047 False
90601 1.77 29.35792 13.55996 False
707 -3.253765 29.35792 8.289252 True
90600 -3.253765 29.35792 13.55996 False
705 -8.189338 29.35792 8.208272 True
90599 -8.189338 29.35792 13.55996 False
704 -6.68825 29.35792 17.11036 True
90598 -6.68825 29.35792 13.55996 False
702 -10.08585 29.35792 17.44577 True
90597 -10.08585 29.35792 13.55996 False
90596 -15.36372 29.35792 13.55997 False
90595 -15.36372 29.35792 16.63818 False
90594 -13.77987 29.35792 16.63818 False
90593 -13.77987 27.06662 19.05821 False
90259 107.5795 7.689506 17.86992 False
90145 35.8794 12.01031 9.643738 False
614 -10.27137 25.01691 9.625083 True
352 115.3015 12.03835 34.41879 True
115 5.581841 3.357649 16.08643 True
90395 74.58704 16.28882 13.65386 False
241 88.12039 7.69695 15.75725 True
238 79.5845 7.69695 10.67133 True
535 74.86591 20.63658 16.22345 True
90178 53.75748 9.488351 63.71954 False
509 -20.05284 20.67589 16.37646 True
611 -19.9504 25.01691 16.49954 True
90499 39.33054 20.67589 13.48185 False
90023 15.95966 3.357649 13.33202 False
405 -23.53811 16.33488 16.26172 True
90516 87.75557 20.63659 13.4814 False
225 40.27034 7.699109 16.29947 True
90053 51.61713 4.019259 54.75822 False
90392 70.41618 16.28882 13.65386 False
90447 131.2347 16.28882 18.34058 False
90411 91.45249 16.28882 13.65386 False
90381 48.40684 16.33488 13.65395 False
399b 0.1570044 12.00883 52.95287 True
204 -38.26089 7.699109 24.74965 True
417 23.14441 16.33488 16.29382 True
356 118.0777 12.03835 55.01931 True
376 36.68085 12.00883 67.19777 True
90025 25.94649 3.357649 13.33202 False
604 -38.0619 25.01691 23.68041 True
90233 100.2324 12.00883 71.20572 False
90117 -31.94856 9.754874 30.048 False
90431 123.0278 16.28882 32.05015 False
90318 66.91436 12.03835 13.83426 False
302 -38.08603 12.01031 34.42615 True
90175 49.46719 7.667829 66.01014 False
436 48.40702 16.33488 11.00583 True
90173 37.06985 12.01031 9.643732 False
90488 23.16999 20.67589 13.48187 False
90229 83.64282 12.00883 71.20575 False
159 36.27578 3.326824 67.64721 True
428 32.7818 16.33488 9.62731 True
90060 49.4416 3.326824 71.13284 False
442 59.66785 16.28882 10.9964 True
90350 -34.99765 16.33488 13.65397 False
90294 84.49016 12.03835 13.83416 False
90393 71.17134 16.28882 13.65386 False
90014 -35.68324 3.357649 27.19915 False
90279 118.0922 9.589806 10.17937 False
287 49.88962 7.667829 75.22642 True
90535 120.6434 20.63658 35.91797 False
90462 -13.84576 20.67589 16.77342 False
90385 127.9324 12.03835 25.24918 False
527 52.06017 20.67589 17.35003 True
90054 51.61713 5.613422 56.16563 False
90463 -15.41834 20.67589 16.77346 False
90315 71.37612 12.03835 13.83412 False
441 87.63954 16.28882 16.09463 True
90376 36.95627 18.17996 7.459438 False
90031 35.61877 3.357649 9.341969 False
90573 -35.76634 25.01691 27.26653 False
90132 -4.134117 12.01031 16.19554 False
164 36.27578 3.326824 74.37952 True
90328 -4.018452 16.33488 16.48351 False
90518 95.27368 20.63658 13.48147 False
90588 35.9525 25.01691 9.470531 False
461 126.9886 16.28882 22.59871 True
90126 -20.05984 12.01031 13.38615 False
90486 16.22096 20.67589 13.48187 False
295 2.935214 7.667828 75.25787 True
305 -33.16009 12.01031 26.45732 True
90157 -34.06586 12.01031 13.38613 False
90507 64.1909 20.63658 13.48181 False
290 5.589507 7.667828 57.26757 True
90466 -19.62033 20.67589 13.4818 False
90425 118.2217 16.28882 18.34081 False
340 79.21329 12.03835 11.51425 True
90090 -6.483204 7.699109 17.10555 False
90580 5.317589 25.01691 13.35049 False
90088 -3 7.699109 13.49079 False
292 5.623764 7.667828 53.11043 True
391 9.657487 12.00883 75.17877 True
384 19.71712 12.00883 67.1433 True
90362 -35.57909 16.33488 35.59678 False
528 39.33054 20.67588 10.33656 True
538 56.52281 20.63658 10.48922 True
232 67.76371 7.689506 10.69599 True
90591 38.95424 25.0169 13.35048 False
90232 97.03279 12.00883 71.20573 False
553 132.2668 20.63658 13.59694 True
90181 49.88962 7.667829 70.68156 False
22 40.27035 7.699109 10.20306 True
310 -30.64787 12.01031 10.9327 True
90197 49.46719 12.00883 66.01013 False
90300 102.3573 12.03835 19.09317 False
348 115.7597 12.03835 14.88059 True
90373 35.98932 16.33488 9.494506 False
90095 -17.07525 7.699109 15.87561 False
90537 124.2813 20.63659 51.45633 False
90513 79.27494 20.63658 13.48138 False
90192 2.260134 7.667828 53.11044 False
90460 -15.41834 20.67589 13.48185 False
90130 -2.218737 12.01031 13.38614 False
90068 36.21682 9.227 7.40716 False
118 24.82104 3.357649 10.01862 True
301 -34.707 12.01031 37.37669 True
453 95.14728 16.28882 10.9003 True
90374 35.14168 16.33488 9.494506 False
108 -30.67253 3.357649 10.62488 True
90525 108.1241 20.63658 18.30057 False
344 91.61972 12.03835 11.71295 True
516 5.54549 20.67589 11.12666 True
623 32.16198 25.01691 17.21854 True
327 45.27737 12.01031 15.66455 True
394 9.62721 12.00883 52.95287 True
90210 13.10703 12.00883 71.20571 False
90055 51.61713 7.667829 58.281 False
90578 -33.95756 25.0169 30.03028 False
210 -14.73829 7.699109 8.9 True
90441 124.254 16.28882 50.76489 False
90528 125.0465 20.63658 18.30057 False
90371 32.78202 16.33488 13.65395 False
90467 -20.05284 20.67589 13.48176 False
90456 -3.16494 20.67589 13.48186 False
90414 98.97456 16.28882 18.23703 False
90239 121.4735 12.03835 51.95998 False
90557 -13.70612 25.01691 16.58249 False
90574 -38.92 25.01691 27.26653 False
445 95.14728 16.28882 16.17322 True
547 91.60468 20.63658 10.70422 True
214 13.02662 7.699109 10.26365 True
90199 53.31742 12.00883 71.20579 False
223 37.02332 7.699109 16.44047 True
312 -23.70966 12.01031 10.64639 True
90136 5.391411 12.01031 13.38613 False
90231 93.91265 12.00883 71.20573 False
90005 -27.24373 3.357649 13.33203 False
612 -19.35514 25.01691 9.109915 True
362 97.03279 12.00883 67.878 True
286 39.73714 7.667828 67.8829 True
330 56.36739 12.03835 11.55881 True
90443 129.2635 16.28882 50.76494 False
90263 113.3189 7.689506 17.86999 False
90459 -10.36789 20.67589 13.48182 False
90110 -35.87581 7.699108 34.83176 False
464 127.676 16.28882 29.52534 True
90083 -0.5443029 7.699109 16.37207 False
90030 35.61878 3.357649 10.59267 False
90260 107.579 7.689506 19.09326 False
90368 23.14425 16.33488 13.65395 False
90102 -35.11193 7.699109 13.49074 False
90445 127.3194 17.42539 52.14468 False
90469 -30.66769 20.67589 13.48175 False
90509 67.69141 20.63658 13.48168 False
90357 -34.07943 16.33488 30.09348 False
90474 -35.76765 20.67589 22.597 False
90222 0.1115408 12.00883 46.03209 False
90403 78.08749 14.04081 21.77014 False
90276 119.5979 7.689506 14.85592 False
90190 2.260134 7.667828 59.19991 False
413 9.104008 16.33488 15.96945 True
90449 131.7599 16.28882 17.86574 False
563 107.2028 20.63658 58.78451 True
90582 12.28057 25.01691 13.35049 False
90213 3.081532 12.00883 71.20569 False
90282 80.35135 9.745678 21.44482 False
90155 -30.64787 12.01031 13.38614 False
90211 9.657487 12.00883 71.2057 False
208 -24.25391 7.699109 8.899994 True
90354 -35.57937 16.33488 27.36201 False
390 9.575898 12.00883 59.9862 True
90402 79.95885 14.04081 21.77013 False
90283 78.07082 9.745678 21.44495 False
520 19.91923 20.67589 11.17184 True
90487 19.91923 20.67588 13.48187 False
90555 -19.9504 25.01691 13.35048 False
90262 104.081 10.003 19.09314 False
90351 -34.99775 16.33488 22.44137 False
447 70.41576 16.28882 11.0204 True
406 -37.9462 16.33488 25.2576 True
90316 70.6547 12.03835 13.83416 False
435 67.4846 16.28882 15.91479 True
608 -30.60563 25.01691 9.885694 True
323 35.8794 12.01031 15.91193 True
90292 79.21344 12.03835 13.83413 False
90564 -29.40476 25.01691 13.35048 False
90258 107.5796 7.689506 16.84081 False
618 5.317589 25.01691 10.33894 True
90230 90.48029 12.00883 71.20574 False
299 -0.3640928 7.667828 53.11043 True
90440 124.2536 16.28882 52.30243 False
90218 6.342842 12.00883 52.95287 False
90432 123.028 16.28882 38.60905 False
90517 91.60501 20.63658 13.48141 False
90526 120.6448 20.63658 18.3005 False
607 -33.40846 25.01691 17.23806 True
90470 -33.31886 20.67589 13.48171 False
90409 83.16533 16.28882 13.65386 False
539 95.27386 20.63658 16.38031 True
90277 118.0915 7.689506 14.85583 False
90125 -18.80099 12.01031 13.38616 False
90561 -23.71794 25.01691 13.35048 False
90336 -17.15402 16.33488 16.34228 False
90224 1.812713 12.00883 41.87392 False
90104 -35.11193 7.699108 24.74966 False
90184 39.73714 7.667828 71.41424 False
560 100.6176 20.63658 51.45586 True
90035 39.39253 3.357649 13.332 False
90080 5.905323 7.699109 13.49081 False
418 16.34696 16.33488 11.08531 True
621 12.28057 25.01691 16.58861 True
90140 25.04432 12.01031 13.38612 False
359 93.91266 12.00883 74.44264 True
90490 29.4649 20.67589 13.48186 False
90478 -34.0217 20.67589 30.15636 False
90501 45.40477 20.67589 13.48184 False
90275 119.5982 7.689506 17.86994 False
627 38.55033 25.01691 17.07745 True
369 57.00481 12.00883 74.5457 True
90003 -23.83865 3.357649 13.33204 False
90034 36.28106 3.357649 19.17059 False
90309 115.7597 12.03835 18.33664 False
90476 -35.76765 20.67589 31.32906 False
90304 107.6022 12.03835 19.28257 False
90185 23.02981 7.667828 71.41423 False
234 71.04118 7.689506 10.76657 True
90017 -35.92912 3.357649 35.3233 False
298 -0.3424168 7.667828 59.19991 True
90286 79.95915 12.03835 19.77071 False
383 23.25843 12.00883 75.29347 True
606 -33.8633 25.01691 10.13429 True
90208 19.71712 12.00883 71.20573 False
90015 -35.68324 3.357649 32.27969 False
90428 123.0279 16.28882 22.59852 False
448 74.2644 16.28882 10.95797 True
90043 -17.092 5.365707 18.95944 False
158 63.20874 3.326824 71.13283 True
90204 33.20856 12.00883 71.20576 False
90032 35.61877 5.334784 6.991436 False
90511 74.361 20.63658 13.48156 False
469 126.8764 16.28882 47.3571 True
90191 2.260134 7.667829 57.26758 False
534 48.42789 20.67589 10.52818 True
90438 123.6266 16.28882 50.85503 False
446 67.4846 16.28882 10.91843 True
349 124.4505 12.03835 14.74637 True
90235 107.5083 12.03835 52.56244 False
90572 -35.76634 25.01691 25.34862 False
90544 -2.257048 25.01691 16.3728 False
531 64.19077 20.63658 15.9078 True
411 5.673234 16.33488 16.01056 True
306 -38.22314 12.01031 23.87488 True
90196 51.61713 12.00883 66.01014 False
524 29.4649 20.67589 10.95445 True
508 -30.6677 20.67589 9.988359 True
90167 -32.01668 13.96688 32.14204 False
90492 35.93478 20.67589 13.48185 False
90086 -0.5443029 9.760252 19.01021 False
90127 -10.66613 12.01031 13.38616 False
90203 36.68085 12.00883 71.20576 False
90581 8.784079 25.0169 13.35049 False
468 126.4643 16.28882 41.67593 True
90408 78.09303 18.25727 21.65892 False
332 60.19343 12.03835 11.71872 True
90029 36.28106 3.357649 10.59268 False
90346 1.946318 16.33488 13.65402 False
90248 79.5844 7.69695 13.23855 False
90388 63.5443 16.28882 13.65386 False
526 32.62606 20.67589 10.99936 True
90379 45.40588 16.33488 13.65395 False
90065 37.85449 7.699109 9.600739 False
90442 123.6265 16.28882 51.91286 False
294 5.821383 7.667828 50.08178 True
90307 108.4214 12.03835 16.92804 False
90366 16.34702 16.33488 13.65395 False
90559 -17.07692 25.01691 16.58249 False
452 91.45189 16.28882 10.84557 True
90436 123.028 16.28882 47.35686 False
90550 -6.674112 25.01691 13.35049 False
389 13.10703 12.00883 75.28262 True
90295 87.6398 12.03835 13.8342 False
90522 99.01044 20.63658 18.3006 False
90075 33.56938 7.699109 13.49084 False
90506 63.28474 20.63658 13.48191 False
90317 67.73358 12.03835 13.8342 False
90430 123.0276 16.28882 29.52527 False
90497 36.99203 22.54863 7.438056 False
525 45.40477 20.67589 18.32555 True
90566 -30.60563 25.01691 13.35047 False
90285 78.9022 12.03835 19.77067 False
1401 46.19685 5.24273 41.78543 True
90296 91.62024 12.03835 13.83426 False
90042 -17.092 3.357649 16.11146 False
395 3.081532 12.00883 74.97961 True
90326 -0.6734638 14.0654 18.97374 False
321 30.35179 12.01031 15.70831 True
90308 108.4217 12.03835 18.33664 False
102 -38.22189 3.357649 35.32328 True
90477 -34.02171 20.67589 31.32906 False
90265 74.71674 7.689506 13.23864 False
90112 -33.80557 7.699109 29.88974 False
90565 -29.40476 25.01691 16.34461 False
90151 45.27737 12.01031 10.34025 False
90332 -0.5670042 18.37336 19.10904 False
90091 -14.73829 7.699108 13.49078 False
90119 -13.74742 12.01031 15.91492 False
90330 -0.5670075 16.33488 16.48345 False
325 38.99715 12.01031 15.69031 True
615 -6.674112 25.01691 16.73229 True
90547 -0.6029329 27.07357 19.03493 False
90018 -0.8478975 3.357649 13.33204 False
205 -33.42818 7.699109 22.4281 True
245 95.91986 7.689505 10.35689 True
421 32.7818 16.33488 16.37224 True
90531 120.6446 20.63658 25.1208 False
90320 63.14944 12.03835 13.83421 False
388 13.10703 12.00883 67.09958 True
218 26.70452 7.699109 10.40334 True
90538 124.2817 20.63658 52.26381 False
90312 131.1856 12.03835 17.90105 False
90002 -17.09201 3.357649 13.33204 False
111 -26.76327 3.357649 16.34393 True
404 -37.90069 16.33488 27.36189 True
350 131.1856 12.03835 14.60038 True
90016 -35.92913 3.357649 32.27967 False
90007 -33.26639 3.357649 13.33202 False
360 100.2324 12.00883 67.80309 True
368 73.52565 12.00883 68.19739 True
501 -34.00098 20.67589 35.62526 True
433 63.54452 16.28882 15.88032 True
540 63.28471 20.63658 10.62668 True
90311 131.1858 12.03835 18.33664 False
201 -33.85073 7.699109 35.50729 True
343 87.6398 12.03835 11.5293 True
90363 5.67324 16.33488 13.65395 False
90284 78.07043 12.03835 19.77067 False
1400 -9.079651 3.357649 9.175639 True
371 53.31741 12.00883 74.75101 True
90217 6.342842 12.00883 56.60271 False
90041 -4.181696 5.365707 19.05173 False
90452 -2.197918 20.67589 16.51874 False
90384 127.9324 12.03835 18.33663 False
90325 52.61864 12.01 13.3861 False
90268 67.76378 7.689506 13.23849 False
90314 74.93679 12.03835 13.83413 False
90543 -4.015462 25.01691 16.3728 False
90471 -34.09742 20.67588 13.48174 False
341 95.3063 12.03835 15.708 True
90143 30.35179 12.01031 13.38611 False
90576 -33.95756 25.01691 31.29884 False
90323 56.36743 12.03835 13.09861 False
324 25.74175 12.01031 10.36093 True
408 -30.48899 16.33488 9.25 True
505 -33.31876 20.67589 16.65488 True
375 36.68085 12.00883 75.1974 True
90472 -35.04082 20.67589 13.48173 False
109 -33.26639 3.357649 16.27866 True
90170 -35.82305 12.01031 35.6274 False
90367 19.87548 16.33488 13.65395 False
533 67.69154 20.63658 15.99507 True
401 -33.87511 16.33488 35.59685 True
90338 -17.15407 18.37335 19.12293 False
90568 -33.8633 25.01691 13.35047 False
90533 120.6441 20.63658 29.99854 False
90101 -33.96136 7.699109 13.49075 False
90421 107.2817 16.28882 19.40613 False
90586 35.37 25.01691 13.35048 False
112 -23.83865 3.357649 10.57161 True
90455 -2.197916 20.67589 13.48188 False
90344 1.946318 16.33488 10.87057 False
90202 39.7569 12.00883 71.20577 False
90062 43.09707 3.326824 71.13282 False
90530 120.6449 20.63658 23.99109 False
90291 78.90143 12.03835 13.8341 False
90587 35.9525 25.01691 13.35048 False
90534 120.6433 20.63658 35.05355 False
90429 123.0277 16.28882 25.90598 False
90036 45.37873 3.357649 13.33199 False
412 -10.18988 16.33488 10.47445 True
90012 -35.68324 3.357649 24.93441 False
236 74.7163 7.689506 10.67712 True
90554 -19.35514 25.0169 13.35048 False
90169 -35.82305 12.01031 34.42616 False
90361 -35.57911 16.33488 35.14224 False
557 124.871 20.63658 28.61505 True
90505 60.34983 20.63658 13.4819 False
90563 -27.00356 25.01691 13.35048 False
90453 -0.6021719 20.67589 16.51874 False
90045 36.28106 4.019259 21.36781 False
90061 46.34619 3.326825 71.13283 False
90214 -0.27912 12.00883 71.20568 False
90129 -3.407988 12.01031 13.38615 False
90335 -15.44953 16.33488 16.34224 False
90437 123.6268 16.28882 47.35692 False
90047 36.28106 5.24273 31.8163 False
229 49.89917 7.699109 16.10472 True
162 43.09706 3.326825 74.49028 True
90022 12.44505 3.357649 13.33202 False
90512 74.8661 20.63659 13.48148 False
90340 -10.18986 16.33488 13.65424 False
90306 103.8743 13.99606 19.28265 False
90223 2.456323 12.00883 41.87393 False
90205 29.89781 12.00883 71.20575 False
90227 70.24674 12.00883 71.20576 False
90238 118.0777 12.03835 51.95998 False
90131 -2.218737 12.01031 16.19555 False
90176 49.46719 9.488351 63.71954 False
90255 99.42312 7.689506 17.93947 False
90479 -34.02171 20.67589 32.5882 False
444 63.54452 16.28882 10.93737 True
90186 19.16335 7.667828 71.41422 False
90079 13.02663 7.699109 13.49081 False
544 79.27522 20.63659 10.80474 True
90375 35.14159 18.17996 7.459444 False
90128 -6.9 12.01031 13.38615 False
440 55.99152 16.28882 10.83996 True
220 33.56937 7.699109 10.27068 True
90523 102.3705 20.63659 18.30051 False
90216 6.342843 12.00883 59.98621 False
90347 -19.8708 16.33488 13.65424 False
90225 57.00481 12.00883 71.20578 False
90105 -35.87581 7.699109 24.74966 False
90427 124.586 16.28882 18.34079 False
228 60.28199 7.689506 10.0995 True
90394 74.2647 16.28882 13.65386 False
90313 103.1301 10.74 19.09317 False
90556 -15.38809 25.01691 16.5825 False
90249 83.58232 7.69695 13.2385 False
510 -19.62038 20.67589 9.366117 True
90386 55.99187 16.28882 13.65379 False
624 32.16198 25.01691 9.974052 True
206 -33.96136 7.699108 10.33377 True
90465 -17.04605 22.76487 19.0813 False
240 83.5826 7.69695 10.67921 True
398 -3.484718 12.00883 75.04272 True
90579 1.902658 25.01691 13.3505 False
90082 -0.5443029 7.699109 13.4908 False
90226 63.41959 12.00883 71.20577 False
90322 56.36729 12.03835 13.83417 False
558 116.0445 20.63658 35.05344 True
432 42.20287 16.33488 11.11694 True
386 16.20692 12.00883 67.22359 True
90493 35.93478 20.67588 9.547216 False
367 63.41958 12.00883 74.55275 True
378 29.89781 12.00883 67.38673 True
379 29.89781 12.00883 75.28035 True
90592 48.03865 25.01691 13.35047 False
90120 -15.56849 12.01031 15.91492 False
561 100.5876 20.63658 54.32104 True
90001 -9.079651 3.357649 13.33205 False
90570 -34.98101 25.0169 23.68043 False
449 79.11022 16.28882 10.92659 True
90352 -35.57964 16.33488 22.44124 False
610 -27.00356 25.01691 9.89937 True
90027 32.90754 3.357649 13.33201 False
546 87.75458 20.63659 10.82985 True
202 -38.42996 7.699108 26.7322 True
90426 123.0284 16.28882 18.34077 False
556 116.1505 20.63659 29.99853 True
235 67.76371 7.689506 15.63295 True
90141 25.74175 12.01031 13.38612 False
90413 98.97487 16.28882 13.65386 False
90446 125.6008 19.26 52.14465 False
90560 -17.07692 27.06662 19.05821 False
90571 -35.76634 25.0169 23.68042 False
90510 70.63844 20.63658 13.48166 False
117 8.972873 3.357649 15.98369 True
284 70.22663 7.667828 70.68156 True
451 87.63953 16.28882 10.82332 True
422 23.14441 16.33488 11.32829 True
90237 114.2951 12.03835 51.95999 False
342 83.48129 12.03835 11.45579 True
105 -33.66113 3.357649 27.19915 True
90396 79.10986 16.28882 13.65386 False
90498 38.76131 20.67589 13.48185 False
242 88.12039 7.69695 10.61908 True
425 42.20287 16.33488 16.42323 True
90365 12.81579 16.33488 13.65401 False
90147 35.20128 13.92649 7.345329 False
90245 129.1331 12.03835 52.2296 False
90271 59.13032 7.689506 13.23838 False
613 -9.588789 25.01691 16.79506 True
90389 55.99152 16.28882 19.02308 False
521 32.62606 20.67589 16.09912 True
237 71.60087 7.689506 15.55948 True
90028 36.28106 3.357649 13.332 False
90201 43.28585 12.00883 71.20578 False
90209 16.20692 12.00883 71.20572 False
90010 -35.14848 3.357649 22.4169 False
90539 103.7694 20.63659 51.45633 False
90188 2.260134 7.667828 71.4142 False
90360 -32.09734 18.23082 30.15636 False
307 -33.38323 12.01031 24.86399 True
396 9.546639 12.00883 49.45667 True
423 35.98932 16.33488 16.33614 True
90575 -35.76634 25.0169 31.29884 False
374 43.28585 12.00883 68.35852 True
90144 35.8794 12.01031 13.38611 False
335 71.37576 12.03835 15.81152 True
502 -38.18772 20.67589 31.32906 True
90345 -2.272444 16.33488 13.65396 False
90422 105.7322 17.18015 19.40611 False
160 46.34619 3.326824 74.61362 True
609 -26.43409 25.01691 16.34461 True
224 46.39281 7.699109 10.31594 True
334 63.14947 12.03835 11.55175 True
90267 71.04098 7.689506 13.23858 False
90093 -15.14258 7.699108 15.87562 False
542 70.63836 20.63658 10.56364 True
543 74.36067 20.63658 10.63999 True
90270 60.28204 7.689506 13.23838 False
90064 15.98396 3.326824 71.1328 False
429 52.03686 16.33488 16.48493 True
90013 -35.68324 3.357649 26.32613 False
372 57.00481 12.00883 68.33758 True
90212 6.342843 12.00883 71.2057 False
90244 129.1337 12.03835 50.8839 False
90461 -13.84595 18.55633 19.12283 False
419 29.5745 16.33488 16.32013 True
377 33.20856 12.00883 75.16956 True
90439 125.8544 14.608 52.22926 False
90567 -33.40846 25.01691 13.35047 False
373 39.7569 12.00883 75.19798 True
536 52.06017 20.67589 10.58513 True
329 60.19343 12.03835 15.87724 True
106 -34.03459 3.357649 10.57712 True
90257 102.3844 7.689506 16.84084 False
90454 -0.6021743 22.76487 19.24964 False
90412 95.14796 16.28882 13.65386 False
437 71.17132 16.28882 15.90599 True
296 -0.4401326 7.667828 71.4142 True
511 -6.710599 20.67589 17.00198 True
90532 120.6446 20.63659 28.61486 False
90475 -35.76765 20.67589 27.35635 False
90334 -13.78369 16.33488 16.34232 False
90066 37.02332 7.699109 9.600733 False
90085 -4.081646 7.699109 16.37205 False
90057 51.61713 7.667828 63.2 False
90520 78.09289 20.63658 19.56999 False
90050 51.61712 5.24273 46.69727 False
90585 32.16198 25.01691 13.35048 False
90115 -32.30695 5.360329 32.27967 False
90435 123.0276 16.28882 41.67614 False
215 13.02663 7.699109 16.16839 True
300 -37.76851 12.01031 37.05361 True
363 83.64282 12.00883 74.59133 True
90337 -17.15405 16.33488 17.03883 False
357 114.2951 12.03835 55.0047 True
120 32.90754 3.357649 10.06999 True
311 -23.70966 12.01031 15.77544 True
303 -34.707 12.0095 34.51737 True
90124 -15.56849 12.01031 13.38616 False
504 -37.89338 20.67589 27.35635 True
90551 -9.588789 25.01691 13.35049 False
90293 83.48119 12.03835 13.83412 False
339 91.61972 12.03835 15.8835 True
297 -0.341711 7.667828 66.00396 True
90171 -34.707 12.01039 35.62739 False
523 38.76131 20.67588 18.63229 True
90096 -17.07525 7.699109 16.75162 False
387 16.20692 12.00883 75.25084 True
90569 -34.98102 25.01691 13.35047 False
90298 99.44878 12.03835 13.83422 False
90370 29.57459 16.33488 13.65395 False
90242 124.2535 12.03835 51.95998 False
347 108.4217 12.03835 14.90375 True
90448 131.2345 16.28882 17.86566 False
424 26.34717 16.33488 11.38872 True
226 56.46136 7.689506 10.02053 True
90256 102.3854 7.689506 17.93953 False
113 -23.83864 3.357649 16.44698 True
90377 38.90096 16.33488 13.65395 False
90137 8.674973 12.01031 13.38613 False
90417 102.3583 16.28882 17.31648 False
90164 -34.04645 12.01031 30.81849 False
90153 -23.70966 12.01031 13.38615 False
90009 -35.14848 3.357649 13.33201 False
90182 49.88962 7.667828 71.41425 False
460 134.7536 16.28882 17.8657 True
90524 102.3461 20.63658 19.406 False
336 66.91409 12.03835 11.56999 True
90234 107.5083 12.00883 71.20571 False
90415 102.3586 16.28882 18.23692 False
90382 52.03716 16.33488 13.65395 False
410 -19.87075 16.33488 10.55187 True
90158 -35.08022 12.01031 13.38613 False
90273 56.46147 7.689506 12.80379 False
365 70.24674 12.00883 74.63345 True
400 -37.97101 16.33488 35.14209 True
90051 51.61712 5.24273 51.71658 False
431 59.44057 16.28882 19.02309 True
90078 16.62218 7.699108 13.49082 False
211 -9.183859 7.699109 17.10554 True
90215 -3.484718 12.00883 71.20567 False
90418 108.4181 16.28882 17.31645 False
209 -19.9055 7.699108 16.41923 True
380 26.63857 12.00883 67.35281 True
161 22.97089 3.326824 71.1328 True
90071 37.02332 7.699109 13.49084 False
107 -33.6066 3.357649 24.9344 True
90134 -4.134117 9.974691 18.99396 False
366 83.64282 12.00883 68.00753 True
90281 80.35126 7.689506 18.99365 False
90189 2.260134 7.667828 66.00397 False
90504 56.52293 20.63658 13.48184 False
402 -37.91375 16.33488 31.38837 True
90072 40.27034 7.699108 13.49084 False
233 64.03601 7.689506 15.53752 True
90107 -35.87581 7.699109 32.34433 False
545 83.57642 20.63658 10.67522 True
358 104.0161 12.03835 52.56243 True
90168 -32.01668 13.96688 30.01814 False
90419 108.4181 16.28882 18.34086 False
90148 37.04752 13.92649 7.345324 False
550 108.1237 20.63658 13.33307 True
90044 -13.74742 5.365707 18.95944 False
90156 -33.16222 12.01031 13.38614 False
90407 80.11549 18.25727 21.65893 False
90206 26.63857 12.00883 71.20574 False
90358 -34.07943 16.33488 32.59913 False
90355 -35.57923 16.33488 31.38834 False
90108 -33.80557 7.699109 32.34432 False
90356 -34.07943 16.33488 31.38837 False
90290 122.8795 12.03835 25.24918 False
90251 88.12054 7.69695 13.23853 False
90341 -6.627296 16.33488 13.65409 False
90087 -2.269274 7.699108 13.49079 False
90194 2.260133 7.667829 45.57605 False
90037 45.37873 3.357649 13.02218 False
90114 -34.09397 3.357649 32.27968 False
90116 -32.30695 5.360329 29.85147 False
90494 36.94859 20.67589 9.547213 False
90423 104.0166 18.908 19.40608 False
90150 45.27737 12.01031 13.3861 False
90174 51.61713 7.667828 66.01015 False
605 -32.92056 25.01691 25.34862 True
90207 23.25843 12.00883 71.20573 False
355 121.4735 12.03835 55.04295 True
518 16.22096 20.67589 10.50952 True
617 5.317589 25.01691 16.79081 True
90250 84.94236 7.69695 13.23848 False
90481 -32.12119 22.62233 30.03028 False
317 5.391411 12.01031 15.74624 True
529 60.34947 20.63658 15.9464 True
90527 122.0333 20.63658 18.30051 False
90094 -13.66274 7.699108 15.87561 False
90288 118.9237 12.03835 34.4186 False
90135 1.812713 12.01031 13.38614 False
519 29.4649 20.67589 16.27112 True
90278 118.0926 7.689506 12.73808 False
90406 80.1155 16.28882 19.56958 False
90444 129.2633 16.28882 52.14467 False
90049 46.19685 5.242729 46.69727 False
559 123.5683 20.63659 35.91795 True
90166 -34.04645 12.01031 32.14204 False
90193 2.260133 7.667829 50.08179 False
90133 -0.6734686 12.01031 16.19554 False
90006 -30.67253 3.357649 13.33203 False
90519 99.01044 20.63658 13.4814 False
90372 35.98944 16.33488 13.65395 False
90562 -23.71794 25.01691 16.34461 False
382 23.25843 12.00883 67.24702 True
90165 -34.04645 12.01031 30.048 False
90319 64.07892 12.03835 13.83419 False
90583 16.02952 25.01691 13.35049 False
104 -37.92117 3.357649 26.32612 True
221 33.56937 7.699108 16.42402 True
90301 102.3574 12.03835 16.92799 False
90545 -2.257048 25.01691 13.3505 False
90546 -0.6029325 25.01691 16.37279 False
532 45.40477 20.67589 10.45234 True
90138 15.91059 12.01031 13.38613 False
90004 -26.76327 3.357649 13.33203 False
90342 -3.124355 16.33488 13.65401 False
90100 -30.1953 7.699109 13.49075 False
90019 1.971902 3.357649 13.33204 False
90228 73.52565 12.00883 71.20576 False
90247 79.32926 7.69695 13.23855 False
289 39.73714 7.667829 75.27412 True
90552 -10.27137 25.0169 13.35049 False
438 52.03686 16.33488 10.85494 True
90241 122.8795 12.03835 34.41866 False
90584 22.68482 25.01691 13.35048 False
90089 -6.483204 7.699109 13.49078 False
562 103.7694 20.63658 57.76351 True
90118 -13.74742 9.960401 18.95943 False
90146 35.20128 12.01031 9.643733 False
90339 -15.4495 16.33488 13.65422 False
315 -6.900021 12.01031 16.2789 True
219 26.07789 7.699108 16.28374 True
90052 51.61712 4.019259 53.18996 False
90369 26.34704 16.33488 13.65395 False
320 8.674973 12.01031 10.76744 True
90021 8.972873 3.357649 13.33203 False
90348 -23.5382 16.33488 13.65409 False
338 70.65508 12.03835 11.56035 True
515 23.16999 20.67589 16.41425 True
90343 -3.124344 16.33488 10.87076 False
322 15.91059 12.01031 10.71244 True
364 90.48028 12.00883 67.93845 True
459 131.7598 16.28882 13.78137 True
465 127.4955 16.28882 32.05026 True
90261 105.5616 8.979995 19.09318 False
217 16.62218 7.699109 16.71931 True
90302 107.6024 12.03835 16.92802 False
123 39.39253 3.357649 15.8926 True
90149 38.99715 12.01031 13.3861 False
90305 105.7324 12.96369 19.28261 False
381 26.63857 12.00883 75.27914 True
90252 91.91993 7.69695 13.23845 False
628 48.03864 25.01691 9.648972 True
90480 -32.12119 22.62233 32.58819 False
103 -34.13266 3.357649 35.32328 True
458 124.5859 16.28882 13.24183 True
90410 87.63965 16.28882 13.65386 False
90236 107.5083 12.03835 51.96 False
506 -34.09748 20.67589 10.44969 True
90482 -35.76764 20.67589 35.069 False
90187 2.935214 7.667829 71.41421 False
541 67.05568 20.63658 10.43985 True
337 74.93652 12.03835 15.72152 True
90269 64.03638 7.689506 13.23841 False
90577 -33.95756 25.01691 32.6194 False
207 -30.1953 7.699109 16.22132 True
345 95.3063 12.03835 11.66974 True
90266 71.60127 7.689506 13.2387 False
244 91.9203 7.689506 10.33267 True
90067 36.21682 7.699109 9.600728 False
90542 121.5993 20.63659 51.45633 False
90359 -32.09739 18.23082 32.59893 False
90046 36.28106 4.019258 29.64368 False
90160 -35.82305 12.01031 23.87489 False
346 99.44881 12.03835 11.70416 True
90026 30.15308 3.357649 13.33201 False
90039 -0.8478975 3.357649 16.43165 False
243 95.91987 7.689506 16.1942 True
90329 -2.272444 16.33488 16.48351 False
90548 -4.050564 22.76487 19.24964 False
513 5.54549 20.67589 16.49297 True
90450 -4.015461 18.62812 19.10893 False
90558 -13.70612 22.76487 19.0813 False
90500 42.19337 20.67589 13.48184 False
454 98.97456 16.28882 10.84829 True
90383 36.99454 16.33488 9.494505 False
507 -23.80696 20.67589 16.60045 True
212 -3 7.699109 10.05182 True
90280 79.32913 7.689506 18.99377 False
246 99.42312 7.689506 10.33862 True
200 -38.52217 7.699109 34.83175 True
399a -0.03328896 12.00883 59.9862 True
415 12.8158 16.33488 16.10406 True
122 39.39253 3.357649 10.19712 True
90098 -19.9055 7.699109 13.49076 False
230 64.03601 7.689506 10.5813 True
90074 49.89917 7.699109 13.49083 False
90464 -17.04605 20.67589 16.77344 False
90179 51.6347 9.488351 63.71953 False
90106 -35.87581 7.699109 26.73221 False
314 -18.80099 12.01031 10.08814 True
119 25.94649 3.357649 16.05047 True
90103 -35.11193 7.699109 22.42811 False
90473 -35.04082 20.67589 22.59701 False
90297 95.30704 12.03835 13.83428 False
90496 35.1714 22.54863 7.438061 False
512 -10.36789 20.67589 9.434366 True
361 90.48028 12.00883 74.48371 True
90069 37.06985 9.227 7.40716 False
90420 108.418 16.28882 19.40619 False
319 25.04432 12.01031 15.59129 True
90161 -35.82305 12.01031 24.864 False
620 16.02952 25.01691 10.41495 True
90059 49.4416 3.326824 66.62059 False
385 19.71712 12.00883 75.22944 True
407 -19.87076 16.33488 16.16596 True
467 126.4433 16.28882 38.60918 True
90272 59.12988 7.689506 12.80372 False
409 -6.627267 16.33488 16.70942 True
326 29.86175 12.01031 10.33754 True
90378 42.20309 16.33488 13.65395 False
90264 75.19648 7.689506 13.2386 False
308 -34.06586 12.01031 10.85905 True
90521 79.27522 20.63658 19.56999 False
619 8.784079 25.01691 16.68274 True
90024 24.82104 3.357649 13.33202 False
426 29.5745 16.33488 11.3201 True
90240 122.8802 12.03835 51.95998 False
90076 26.70452 7.699109 13.49083 False
90040 -0.8478975 5.365707 19.05173 False
90111 -35.87581 7.699108 35.5073 False
90404 79.10986 16.28882 19.56959 False
90514 83.57667 20.63658 13.48138 False
625 35.37 25.01691 17.2137 True
90484 2.117668 20.67589 13.48188 False
231 60.28199 7.689506 15.55361 True
90303 107.6029 12.03835 18.30877 False
90541 103.7692 20.63658 58.78441 False
90198 51.61713 12.00883 71.20579 False
216 16.62218 7.699109 10.24199 True
90485 5.54549 20.67589 13.48188 False
90489 26.29563 20.67589 13.48186 False
125 45.37873 3.357649 16.16205 True
203 -33.12109 7.699109 26.7322 True
416 5.67324 16.33488 10.84098 True
90162 -35.82305 12.01031 26.45733 False
90172 -35.82305 12.01031 37.05362 False
90253 95.91963 7.689506 13.23844 False
124 47.77988 3.357649 13.02218 True
90387 59.66797 16.28882 13.6538 False
616 -3.226408 25.01691 9.776898 True
90349 -30.48896 16.33488 13.65401 False
110 -27.24373 3.357649 10.65303 True
328 38.99715 12.01031 10.34025 True
318 -3.407988 12.01031 10.08643 True
351 134.3463 12.03835 17.90084 True
90553 -15.38809 25.01691 13.35049 False
626 38.95425 25.01691 9.859831 True
439 74.58709 16.28882 15.87866 True
90063 36.27578 3.326824 71.13281 False
90084 -2.269274 7.699108 16.37206 False
90122 -17.18007 12.01031 16.91621 False
549 95.27386 20.63658 10.73741 True
90180 51.61713 7.667828 70.68157 False
90529 132.2668 20.63659 18.3005 False
514 -3.164955 20.67588 9.809191 True
530 42.19337 20.67589 10.47191 True
90310 124.4509 12.03835 18.33664 False
90495 35.1714 20.67588 9.547213 False
90364 9.104012 16.33488 13.65396 False
90097 -17.07525 9.760252 18.87246 False
90121 -17.18007 12.01031 15.91492 False
90073 46.39281 7.699109 13.49083 False
393 6.342843 12.00883 75.10934 True
517 26.29563 20.67589 16.30939 True
90142 29.86175 12.01031 13.38611 False
90508 67.05563 20.63659 13.48173 False
333 67.73376 12.03835 15.69207 True
90183 43.26699 7.667828 71.41425 False
403 -33.16976 16.33488 27.36189 True
90589 36.97378 25.01691 9.470527 False
304 -38.07757 12.01031 26.45732 True
500 -38.46554 20.67589 35.069 True
450 83.16489 16.28882 10.75934 True
90321 60.19392 12.03835 13.83414 False
90299 99.44881 12.03835 18.262 False
90405 78.09628 16.28882 19.56958 False
370 63.41958 12.00883 68.1886 True
90033 37.0745 5.334784 6.991429 False
463 127.0251 16.28882 25.90592 True
90254 99.42332 7.689506 13.23848 False
90221 2.456323 12.00883 46.0321 False
90540 103.7693 20.63658 54.32095 False
90468 -23.80713 20.67589 13.48177 False
555 125.0227 20.63658 25.12077 True
90324 52.61882 12.00877 13.09869 False
90503 52.06017 20.67589 13.48183 False
399 -0.2791195 12.00883 67.28197 True
90502 48.42789 20.67589 13.48184 False
90159 -35.08022 12.01031 23.87489 False
90458 -6.710585 20.67589 13.48183 False
90011 -35.68324 3.357649 22.4169 False
90058 49.4416 7.667828 63.2 False
90331 -0.5670052 16.33488 17.11854 False
90515 84.48682 20.63659 13.48137 False
602 -38.92 25.01691 29.94892 True
213 5.905323 7.699108 16.0718 True
90220 6.342842 12.00883 46.03212 False
90451 -4.015431 20.67589 16.5188 False
239 75.19631 7.689506 15.63914 True
90353 -35.57951 16.33488 25.25756 False
90081 2.263 7.699109 13.4908 False
90219 6.342841 12.00883 49.45668 False
414 -0.4742756 16.33488 10.87072 True
392 9.681546 12.00883 56.6027 True
551 122.0333 20.63658 13.85113 True
90536 120.6431 20.63658 51.456 False
90177 53.75748 7.667828 66.01014 False
434 45.40563 16.33488 11.0222 True
622 22.68482 25.01691 10.10432 True
90123 -17.18007 14.0654 18.93 False
293 13.54059 7.667829 71.41422 True
90243 124.2536 12.03835 50.88403 False
443 91.4519 16.28882 16.11393 True
90246 127.179 13.2107 52.22942 False
90109 -31.94856 9.754874 32.34431 False
90008 -34.03459 3.357649 13.33202 False
420 19.87539 16.33488 11.34682 True
313 -20.05983 12.01031 15.59005 True
552 125.0468 20.63658 13.77492 True
554 116.2928 20.63658 23.99111 True
90391 67.48483 16.28882 13.65386 False
90416 102.3583 16.28882 19.41734 False
316 -10.66613 12.01031 10.04087 True
90333 -13.78373 14.33807 18.92995 False
90549 -3.226408 25.01691 13.3505 False
90099 -23.76882 7.699108 13.49076 False
309 -33.16222 12.01031 15.86326 True
90195 53.75748 12.00883 66.01013 False
331 64.07889 12.03835 15.48309 True
90327 -4.018452 14.37866 18.97365 False
121 30.15308 3.357649 15.97017 True
430 38.90102 16.33488 11.3135 True
397 -0.27912 12.00883 75.15705 True
90163 -35.82305 12.01031 30.8185 False
90077 26.07789 7.699109 13.49083 False
90020 5.581841 3.357649 13.33203 False
90491 32.62606 20.67589 13.48186 False
522 26.29563 20.67589 11.10899 True
90590 38.55033 25.01691 13.35048 False
90483 -35.76764 20.67589 35.62526 False
503 -34.44413 20.67589 27.35635 True
537 91.60469 20.63659 16.45699 True
90092 -15.14258 7.699109 13.49077 False
227 46.39281 7.699109 16.04212 True
90618 -13.77987 31.41691 18.92544 False
90620 -13.77987 33.69891 16.63817 False
90623 -15.42111 33.69891 16.63811 False
90624 -17.06074 33.69891 16.63814 False
90625 -15.42115 33.69891 15.81542 False
801 -19.88242 33.69891 15.81546 True
90626 -14.55451 33.69891 15.81546 False
800 -19.88242 33.69891 12.16622 True
90627 -14.55456 33.69891 13.30611 False
803 -11.82381 33.69891 13.30611 True
802 -14.55455 33.69891 10.09892 True
90628 -10.9471 33.69891 15.81541 False
804 -10.94706 33.69891 17.75311 True
90629 -8.843874 33.69891 15.81537 False
805 -8.843872 33.69891 17.85738 True
90630 -6.554329 33.69891 15.81537 False
806 -6.554299 33.69891 17.88176 True
807 -6.5543 33.69891 13.30917 True
90631 2.174852 33.69891 15.81536 False
809 2.174853 33.69891 23.04786 True
90632 -2.758053 33.69891 15.81537 False
90633 -2.758041 33.69891 13.03 False
808 0.4324346 33.69892 13.02999 True
810 -2.758055 33.69891 8.853539 True
90616 90612 90615
90615 90547 90616
90614 90613
90613 90612 90614
90612 90611 90616 90613
90611 90600 90601 90612
90610 90618 90609
90609 90595 90610
701 90608
703 90608
90608 90607 701 703
90607 90606 90608
90606 90596 90597 90607
700 90605
90605 90604 700
90604 90596 90605
708 90603
90603 90601 90602 708
706 90602
90602 90603 706
90601 90611 90603
707 90600
90600 90598 90611 707
705 90599
90599 90597 90598 705
704 90598
90598 90600 90599 704
702 90597
90597 90606 90599 702
90596 90595 90606 90604
90595 90594 90609 90596
90594 90593 90595
90593 90560 90594
90259 90258 90260 90263
90145 90146 90144 90173
614 90552
352 90288
115 90020
90395 439 90396 90394
241 90251
238 90248
535 90512
90178 90195 90177 90179
509 90467
611 90555
90499 90500 90498 528
90023 90024 90022
405 90348
90516 90515 546 90517
225 90072
90053 90052 90054
90392 90391 447 90393
90447 90448 90427
90411 443 90410 90412 452
90381 90382 90379 436
399b 90218
204 90105
417 90368
356 90238
376 90203
90025 90024 119 90026
604 90571
90233 90234 360 90232
90117 90109 90165
90431 465 90430 90432
90318 90319 336 90317
302 90169
90175 90174 90176
436 90381
90173 90069 90145
90488 90489 515 90487
90229 90228 366 363 90230
159 90063
428 90371
90060 90059 90061 158
442 90387
90350 90349 90351
90294 90293 90295
90393 437 90394 90392
90014 90013 105 90015
90279 90278
287 90182
90535 90536 559 90534
90462 90461 90463
90385 90290 90384
527 90503
90054 90055 90053
90463 90464 90460 90462
90315 335 90314 90316
441 90410
90376 90494 90375
90031 90032 90030
90573 90575 90572 90574
90132 90134 90131
164 90063
90328 90327 90329
90518 549 90519 539 90517
90588 90589 90587
461 90428
90126 313 90153 90125
90486 90485 518 90487
295 90187
305 90162
90157 308 90156 90158
90507 90508 90506 531
290 90191
90466 510 90467 90460
90425 90419 90426
340 90292
90090 90089 211
90580 617 90579 90581 618
90088 212 90089 90087
292 90192
391 90211
384 90208
90362 90361 401
528 90499
538 90504
232 90268
90591 90590 626 90592
90232 362 90231 90233
553 90529
90181 90180 90182
22 90072
310 90155
90197 90176 90196
90300 90299 90301 90313
348 90309
90373 90383 90372 90374
90095 90096 90093
90537 90542 90538
90513 90514 90521 544 90512
90192 90193 90191 299 292
90460 90459 90463 90466
90130 90135 90131 90129
90068 90069 90067
118 90024
301 90171
453 90412
90374 90375 90373
108 90006
90525 550 90523 90526
344 90296
516 90485
623 90585
327 90150
394 90218
90210 90209 388 389 90211
90055 90057 90054
90578 90481 90576
210 90091 208
90441 90438 90440 90443
90528 552 90529 90527
90371 90372 90370 421 428
90467 90468 509 90466
90456 90458 514 90455
90414 90415 90413
90239 90240 355 90238
90557 90558 90556
90574 602 90573
445 90412
547 90517
214 90079
90199 90198 90225 371
223 90071
312 90153
90136 90135 317 90137
90231 359 90230 90232
90005 110 90004 90006
612 90554
362 90232
286 90184
330 90323
90443 90444 90441
90263 90275 90259
90459 90458 512 90460
90110 90111 200 90107
464 90430
90083 90084 90086
90030 90029 90031
90260 90261 90259
90368 90369 422 90367 417
90102 90103 90101
90445 90444 90446
90469 90468 508 90470
90509 90508 90510 533
90357 90356 90168
90474 90473 90475
90222 90221
90403 90405 90402
90276 90275 90277
90190 90189 90191 298
413 90364
90449 459 460 90448
563 90541
90582 90583 90581 621
90213 90212 90214 395
90282 90281 90283
90155 90156 90153 310
90211 90212 391 90210
208 210
90354 90353 403 90355 404
390 90216
90402 90286 90403
90283 90284 90282
520 90487
90487 90488 90486 520
90555 90554 90561 611
90262 90261 90313
90351 90352 90350
447 90392
406 90353
90316 338 90317 90315
435 90391
608 90566
323 90144
90292 90293 90291 340
90564 90563 90565 90566
90258 90257 90259
618 90580
90230 361 364 90229 90231
299 90192
90440 90439 90441
90218 90219 90217 399b 394
90432 467 90435 90431
90517 537 90516 90518 547
90526 90527 90530 90525
607 90567
90470 505 90471 90469
90409 450 90410 90396
539 90518
90277 90278 90276
90125 314 90124 90126
90561 90562 90563 90555
90336 90337 90335
90224 90135 90223
90104 90103 90105
90184 90183 289 90185 286
560 90539
90035 122 123 90028 90036
90080 90081 213 90079
418 90366
621 90582
90140 319 90138 90141
359 90231
90490 90491 90489 519 524
90478 90360 90477
90501 90502 90500 532 525
90275 90263 90276
627 90590
369 90225
90003 90004 113 112 90002
90034 90028 90045
90309 90310 90308 348
90476 90482 90475 502 90477
90304 90303 90305
90185 90186 90184
234 90267
90017 103 90016 102
298 90190
90286 90285 90402
383 90207
606 90568
90208 385 90207 90209 384
90015 90114 90016 90014
90428 90426 90429 461
448 90394
90043 90044 90042
158 90060
90204 377 90205 90203
90032 90033 90031
90511 543 90510 90512
469 90437
90191 290 90192 90190
534 90502
90438 90437 90442 90441
446 90391
349 90310
90235 90236 358 90234
90572 605 90571 90573
90544 90546 90545 90543
531 90507
411 90363
306 90160
90196 90195 90198 90197
524 90490
508 90469
90167 90166 90168
90492 90491 90498 90493
90086 90134 90083
90127 316 90124 90128
90203 375 376 90204
90581 619 90580 90582
468 90435
90408 90407 90520
332 90321
90029 90028 90030
90346 90345 90344 90363
90248 90247 90249 238
90388 90391 90387 444 433
526 90491
90379 434 90378 90381
90065 90033 90066
90442 90438
294 90193
90307 90302 347 90308
90366 90365 90367 418
90559 90560 90556
452 90411
90436 90435 90437
90550 90549 90551 615
389 90210
90295 343 90296 90294
90522 90519 90523
90075 90076 221 90071 220
90506 90505 540 90507
90317 333 90318 90316
90430 90429 90431 464
90497 90589 90496
525 90501
90566 90567 608 90564
90285 90291 90284 90286
1401 90049 90047
90296 90297 339 344 90295
90042 90002 90043
395 90213
90326 90327 90133
321 90143
90308 90303 90309 90307
102 90017
90477 90479 90478 90476
90265 90264 90266 236
90112 90116 90108
90565 609 90564
90151 328 90150
90332 90331 90450
90091 90092 90089 210
90119 90118 90120
90330 90331 90329
325 90149
615 90550
90547 90546 90615
90018 90039 90019 90001
205 90103
245 90253
421 90371
90531 555 90532 90530
90320 90321 90319 334
388 90210
218 90076
90538 90446 90537
90312 351 90311 350
90002 90001 90003 90042
111 90004
404 90354
350 90312
90016 90017 90015
90007 90008 90006 109
360 90233
368 90228
501 90483
433 90388
540 90506
90311 90384 90312
201 90111
343 90295
90363 90364 416 411 90346
90284 90283 90285
1400 90001
371 90199
90217 392 90216 90218
90041 90040 90085
90452 90451 90453 90455
90384 90310 90385 90311
90325 90324 90150
90268 90269 90267 235 232
90314 337 90291 90315
90543 90548 90544
90471 506 90472 90470
341 90297
90143 90142 90144 321
90576 90577 90575 90578
90323 90324 90322 330
324 90141
408 90349
505 90470
375 90203
90472 90473 90471
109 90007
90170 90172 90171 90169
90367 420 90368 90366
533 90509
401 90362
90338 90337 90461
90568 90569 90567 606
90533 90532 556 90534
90101 90100 206 90102
90421 90420 90422
90586 625 90585 90587
112 90003
90455 90484 90456 90452
90344 414 90346
90202 373 90201
90062 90063 162 90061
90530 554 90526 90531
90291 90292 90285 90314
90587 90590 90588 90586
90534 558 90535 90533
90429 463 90428 90430
90036 125 90037 90035
412 90340
90012 90011 107 90013
236 90265
90554 90553 612 90555
90169 90163 302 90170
90361 90355 400 90362
557 90532
90505 529 90504 90506
90563 610 90564 90561
90453 90454 90452
90045 90046 90034
90061 160 90060 90062
90214 397 399 90215 90213
90129 318 90128 90130
90335 90339 90334 90336
90437 469 90438 90436
90047 90046 1401
229 90074
162 90062
90022 90021 90023
90512 535 90513 90511
90340 90339 90341 412
90306 90416 90305
90223 90221 90224
90205 90206 379 378 90204
90227 90228 365 90226
90238 90237 356 90239
90131 90133 90132 90130
90176 90179 90175 90197
90255 90254 90256
90479 90480 90477
444 90388
90186 293 90185
90079 90078 215 214 90080
544 90513
90375 90376 90374
90128 315 90127 90129
440 90386
220 90075
90523 90524 90525 90522
90216 399a 90212 390 90217
90347 407 90348 90339 410
90225 372 90226 90199 369
90105 90106 204 90104
90427 458 90426 90447
228 90270
90394 90395 90393 448
90313 90300 90262
90556 90553 90557 90559
90249 90250 240 90248
510 90466
90386 90387 90382 90389 440
624 90585
206 90101
90465 90464 90558
240 90249
398 90215
90579 90545 90580
90082 90081 90087
90226 370 367 90227 90225
90322 90321 90323
558 90534
432 90378
386 90209
90493 90495 90494 90492
367 90226
378 90205
379 90205
90592 628 90591
90120 90121 90124 90119
561 90540
90001 90018 90002 1400
90570 90569 90571
449 90396
90352 90353 90351
610 90563
90027 90026 120 90028
546 90516
202 90106
90426 90425 90428 90427
556 90533
235 90268
90141 90142 90140 324
90413 454 90412 90414
90446 90445 90538
90560 90593 90559
90571 604 90572 90570
90510 542 90509 90511
117 90021
284 90180
451 90410
422 90368
90237 90236 357 90238
342 90293
105 90014
90396 90404 90395 90409 449
90498 523 90499 90492
242 90251
425 90378
90365 90364 415 90366
90147 90146 90148
90245 90246 90244
90271 90272 90270
613 90551
90389 431 90386
521 90491
237 90266
90028 90035 90034 90029 90027
90201 90198 374 90202
90209 387 90210 90208 386
90010 90011 90009
90539 90536 90540 560
90188 90187 90189 296
90360 90359 90478
307 90161
396 90219
423 90372
90575 90573 90576
374 90201
90144 90149 90145 323 90143
335 90315
502 90476
90345 90329 90342 90346
90422 90423 90421
160 90061
609 90562 90565
224 90073
334 90320
90267 90266 234 90268
90093 90092 90094 90095
542 90510
543 90511
90270 231 90269 228 90271
90064 161
429 90382
90013 104 90014 90012
372 90225
90212 393 90213 90211 90216
90244 90243 90245
90461 90462 90338
419 90370
377 90204
90439 90246 90440
90567 607 90566 90568
373 90202
536 90503
329 90321
106 90008
90257 90256 90258
90454 90548 90453
90412 90411 453 445 90413
437 90393
296 90188
511 90458
90532 90531 90533 557
90475 503 504 90474 90476
90334 90333 90335
90066 90067 90071 90065
90085 90084 90041
90057 90058 90174 90055
90520 90408
90050 90049 90051
90585 90584 623 90586 624
90115 90116 90114
90435 90432 468 90436
215 90079
300 90172
363 90229
90337 90336 90338
357 90237
120 90027
311 90153
303 90171
90124 90125 90127 90120
504 90475
90551 90552 90550 613
90293 90294 90292 342
339 90296
297 90189
90171 301 90170 303
523 90498
90096 90097 90095
387 90209
90569 90568 90570
90298 90299 90297 346
90370 426 90369 90371 419
90242 90243 90240
347 90307
90448 90447 90449
424 90369
226 90273
90256 90255 90257
113 90003
90377 430 90378 90372
90137 320 90138 90136
90417 90418 90415
90164 90163 90165 90166
90153 90126 312 90155 311
90009 90008 90010
90182 90183 287 90181
460 90449
90524 90423 90523
336 90318
90234 90233 90235
90415 90416 90414 90417
90382 438 90381 90386 429
410 90347
90158 90159 90157
90273 90272 226
365 90227
400 90361
90051 90052 90050
431 90389
90078 90077 216 217 90079
211 90090
90215 90214 398
90418 90419 90417
209 90098
380 90206
161 90063 90064
90071 90072 223 90075 90066
107 90012
90134 90132 90086
366 90229
90281 90280 90282
90189 90190 90188 297
90504 90503 538 90505
402 90355
90072 90073 225 22 90071
233 90269
90107 90106 90108 90110
545 90514
358 90235
90168 90357 90167
90419 90420 90425 90418
90148 90383 90147
550 90525
90044 90094 90043
90156 309 90157 90155
90407 90406 90408
90206 381 90207 90205 380
90358 90359 90356
90355 90356 90354 90361 402
90108 90109 90112 90107
90356 90357 90358 90355
90290 90241 90385
90251 90252 90250 241 242
90341 409 90342 90340
90087 90084 90088 90082
90194 90193
90037 124 90036
90114 90015 90115
90116 90112 90115
90494 90376 90493
90423 90422 90524
90150 90149 327 90151 90325
90174 90177 90180 90175 90057
605 90572
90207 382 383 90208 90206
355 90239
518 90486
617 90580
90250 90249 90251
90481 90480 90578
317 90136
529 90505
90527 551 90528 90526
90094 90093 90044
90288 90241 352
90135 90130 90136 90224
519 90490
90278 90279 90277
90406 90404 90407
90444 90443 90445
90049 1401 90050
559 90535
90166 90167 90164
90193 90192 294 90194
90133 90326 90131
90006 108 90005 90007
90519 90518 90522
90372 90373 90371 423 90377
90562 90561 609
382 90207
90165 90117 90164
90319 331 90318 90320
90583 620 90584 90582
104 90013
221 90075
90301 90302 90300
90545 90549 90544 90579
90546 90544 90547
532 90501
90138 322 90140 90137
90004 90005 90003 111
90342 90343 90345 90341
90100 90099 207 90101
90019 90020 90018
90228 90229 368 90227
90247 90264 90280 90248
289 90184
90552 90553 614 90551
438 90382
90241 90240 90290 90288
90584 622 90585 90583
90089 90090 90088 90091
562 90540 90541
90118 90097 90119
90146 90145 90147
90339 90335 90340 90347
315 90128
219 90077
90052 90053 90051
90369 90368 90370 424
320 90137
90021 90020 90022 117
90348 90349 405 90347
338 90316
515 90488
90343 414 90342
322 90138
364 90230
459 90449
465 90431
90261 90260 90262
217 90078
90302 90303 90307 90301
123 90035
90149 328 325 90144 90150
90305 90304 90306
381 90206
90252 90253 244 90251
628 90592
90480 90479 90481
103 90017
458 90427
90410 90411 441 90409 451
90236 90235 90237
506 90471
90482 90483 500 90476
90187 293 295 90188
541 90508
337 90314
90269 230 90268 90270 233
90577 90576
207 90100
345 90297
90266 90265 237 90267
244 90252
90067 90068 90066
90542 90536 90537
90359 90360 90358
90046 90045 90047
90160 90159 90161 306
346 90298
90026 121 90025 90027
90039 90040 90018
243 90253
90329 90328 90330 90345
90548 90543 90454
513 90485
90450 90451 90332
90558 90557 90465
90500 530 90499 90501
454 90413
90383 90373 90148
507 90468
212 90088
90280 90281 90247
246 90254
200 90110
399a 90216
415 90365
122 90035
90098 90092 90099 209
230 90269
90074 90073 229
90464 90463 90465
90179 90178 90176
90106 203 90105 202 90107
314 90125
119 90025
90103 90102 90104 205
90473 90474 90472
90297 90296 341 90298 345
90496 90495 90497
512 90459
361 90230
90069 90173 90068
90420 90421 90419
319 90140
90161 90162 307 90160
620 90583
90059 90058 90060
385 90208
407 90347
467 90432
90272 90271 90273
409 90341
326 90142
90378 90379 432 425 90377
90264 239 90265 90247
308 90157
90521 90513
619 90581
90024 90023 90025 118
426 90370
90240 90239 90242 90241
90076 90077 90075 218
90040 90041 90039
90111 90110 201
90404 90405 90396 90406
90514 90515 90513 545
625 90586
90484 90485 90455
231 90270
90303 90304 90308 90302
90541 563 562
90198 90199 90196 90201
216 90078
90485 90486 516 513 90484
90489 522 517 90488 90490
125 90036
203 90106
416 90363
90162 90163 304 305 90161
90172 90170 300
90253 90254 245 90252 243
124 90037
90387 442 90388 90386
616 90549
90349 90350 408 90348
110 90005
328 90151 90149
318 90129
351 90312
90553 90554 90556 90552
626 90591
439 90395
90063 159 164 90062 161
90084 90083 90085 90087
90122 90123 90121
549 90518
90180 90181 284 90174
90529 553 90528
514 90456
530 90500
90310 90309 349 90384
90495 90493 90496
90364 413 90363 90365
90097 90096 90118
90121 90120 90122
90073 227 224 90072 90074
393 90212
517 90489
90142 90143 90141 326
90508 90507 90509 541
333 90317
90183 90184 90182
403 90354
90589 90588 90497
304 90162
500 90482
450 90409
90321 332 90320 90322 329
90299 90300 90298
90405 90403 90404
370 90226
90033 90032 90065
463 90429
90254 90255 246 90253
90221 90220 90222 90223
90540 561 90539 562
90468 90467 90469 507
555 90531
90324 90325 90323
90503 90502 527 536 90504
399 90214
90502 90501 534 90503
90159 90158 90160
90458 90456 90459 511
90011 90012 90010
90058 90057 90059
90331 90332 90330
90515 90516 90514
602 90574
213 90080
90220 90219 90221
90451 90452 90450
239 90264
90353 90354 406 90352
90081 90080 90082
90219 90218 396 90220
414 90344 90343
392 90217
551 90527
90536 90535 90539 90542
90177 90178 90174
434 90379
622 90584
90123 90333 90122
293 90186 90187
90243 90244 90242
443 90411
90246 90245 90439
90109 90117 90108
90008 90007 106 90009
420 90367
313 90126
552 90528
554 90530
90391 90392 435 446 90388
90416 90306 90415
316 90127
90333 90334 90123
90549 90550 90545 616
90099 90100 90098
309 90156
90195 90178 90196
331 90319
90327 90328 90326
121 90026
430 90377
397 90214
90163 90169 90164 90162
90077 90078 219 90076
90020 115 90019 90021
90491 90490 90492 526 521
522 90489
90590 90591 627 90587
90483 501 90482
503 90475
537 90517
90092 90091 90093 90098
227 90073
90618 90620 90610
90620 90623 90618
90623 90625 90624 90620
90624 90623
90625 90626 801 90623
801 800 90625
90626 90628 90625 90627
800 801
90627 802 803 90626
803 90627
802 90627
90628 90629 804 90626
804 90628
90629 90630 805 90628
805 90629
90630 90632 807 806 90629
806 90630
807 90630
90631 90632 809
809 90631
90632 90633 90631 90630
90633 810 808 90632
808 90633
810 90633
