968
301 -34.707 11.91031 37.37669 True
90196 51.61713 11.90883 66.01014 False
90219 6.342841 11.90883 49.45668 False
614 -10.27137 24.91691 9.625083 True
90282 80.35135 9.645678 21.44482 False
90600 -3.253765 29.25792 13.55996 False
320 8.674973 11.91031 10.76744 True
90467 -20.05284 20.57589 13.48176 False
90577 -33.95756 24.91691 32.6194 False
210 -14.73829 7.599109 8.9 True
453 95.14728 16.18882 10.9003 True
708 6.370445 29.25792 17.19297 True
507 -23.80696 20.57589 16.60045 True
401 -33.87511 16.23488 35.59685 True
90614 -0.6202378 31.32386 19.15924 False
364 90.48028 11.90883 67.93845 True
237 71.60087 7.589506 15.55948 True
162 43.09706 3.226825 74.49028 True
90008 -34.03459 3.257649 13.33202 False
90259 107.5795 7.589506 17.86992 False
90133 -0.6734686 11.91031 16.19554 False
90633 -2.758041 33.59891 13.03 False
363 83.64282 11.90883 74.59133 True
90037 45.37873 3.257649 13.02218 False
344 91.61972 11.93835 11.71295 True
90078 16.62218 7.599108 13.49082 False
90171 -34.707 11.91039 35.62739 False
90122 -17.18007 11.91031 16.91621 False
90484 2.117668 20.57589 13.48188 False
287 49.88962 7.567829 75.22642 True
399b 0.1570044 11.90883 52.95287 True
90544 -2.257048 24.91691 16.3728 False
612 -19.35514 24.91691 9.109915 True
90295 87.6398 11.93835 13.8342 False
90098 -19.9055 7.599109 13.49076 False
90560 -17.07692 26.96662 19.05821 False
391 9.657487 11.90883 75.17877 True
808 0.4324346 33.59892 13.02999 True
437 71.17132 16.18882 15.90599 True
203 -33.12109 7.599109 26.7322 True
90367 19.87548 16.23488 13.65395 False
90599 -8.189338 29.25792 13.55996 False
90463 -15.41834 20.57589 16.77346 False
90556 -15.38809 24.91691 16.5825 False
294 5.821383 7.567828 50.08178 True
90626 -14.55451 33.59891 15.81546 False
420 19.87539 16.23488 11.34682 True
90417 102.3583 16.18882 17.31648 False
445 95.14728 16.18882 16.17322 True
90420 108.418 16.18882 19.40619 False
90354 -35.57937 16.23488 27.36201 False
546 87.75458 20.53659 10.82985 True
90193 2.260133 7.567829 50.08179 False
801 -19.88242 33.59891 15.81546 True
90375 35.14159 18.07996 7.459444 False
379 29.89781 11.90883 75.28035 True
90502 48.42789 20.57589 13.48184 False
90028 36.28106 3.257649 13.332 False
209 -19.9055 7.599108 16.41923 True
90620 -13.77987 33.59891 16.63817 False
376 36.68085 11.90883 67.19777 True
90376 36.95627 18.07996 7.459438 False
90623 -15.42111 33.59891 16.63811 False
90590 38.55033 24.91691 13.35048 False
610 -27.00356 24.91691 9.89937 True
90353 -35.57951 16.23488 25.25756 False
517 26.29563 20.57589 16.30939 True
236 74.7163 7.589506 10.67712 True
90499 39.33054 20.57589 13.48185 False
90137 8.674973 11.91031 13.38613 False
90080 5.905323 7.599109 13.49081 False
90554 -19.35514 24.9169 13.35048 False
429 52.03686 16.23488 16.48493 True
90134 -4.134117 9.874691 18.99396 False
606 -33.8633 24.91691 10.13429 True
102 -38.22189 3.257649 35.32328 True
342 83.48129 11.93835 11.45579 True
330 56.36739 11.93835 11.55881 True
444 63.54452 16.18882 10.93737 True
90116 -32.30695 5.260329 29.85147 False
90537 124.2813 20.53659 51.45633 False
90176 49.46719 9.38835 63.71954 False
615 -6.674112 24.91691 16.73229 True
90101 -33.96136 7.599109 13.49075 False
90601 1.77 29.25792 13.55996 False
90532 120.6446 20.53659 28.61486 False
90031 35.61877 3.257649 9.341969 False
90491 32.62606 20.57589 13.48186 False
464 127.676 16.18882 29.52534 True
244 91.9203 7.589506 10.33267 True
295 2.935214 7.567828 75.25787 True
90430 123.0276 16.18882 29.52527 False
90151 45.27737 11.91031 10.34025 False
90597 -10.08585 29.25792 13.55996 False
90265 74.71674 7.589506 13.23864 False
431 59.44057 16.18882 19.02309 True
90023 15.95966 3.257649 13.33202 False
90128 -6.9 11.91031 13.38615 False
90518 95.27368 20.53658 13.48147 False
90002 -17.09201 3.257649 13.33204 False
90501 45.40477 20.57589 13.48184 False
90199 53.31742 11.90883 71.20579 False
90448 131.2345 16.18882 17.86566 False
90508 67.05563 20.53659 13.48173 False
306 -38.22314 11.91031 23.87488 True
442 59.66785 16.18882 10.9964 True
292 5.623764 7.567828 53.11043 True
804 -10.94706 33.59891 17.75311 True
90075 33.56938 7.599109 13.49084 False
90468 -23.80713 20.57589 13.48177 False
90438 123.6266 16.18882 50.85503 False
90458 -6.710585 20.57589 13.48183 False
313 -20.05983 11.91031 15.59005 True
90389 55.99152 16.18882 19.02308 False
90178 53.75748 9.38835 63.71954 False
90386 55.99187 16.18882 13.65379 False
90238 118.0777 11.93835 51.95998 False
90485 5.54549 20.57589 13.48188 False
428 32.7818 16.23488 9.62731 True
90065 37.85449 7.599109 9.600739 False
90540 103.7693 20.53658 54.32095 False
90090 -6.483204 7.599109 17.10555 False
90426 123.0284 16.18882 18.34077 False
90416 102.3583 16.18882 19.41734 False
382 23.25843 11.90883 67.24702 True
90157 -34.06586 11.91031 13.38613 False
403 -33.16976 16.23488 27.36189 True
90229 83.64282 11.90883 71.20575 False
555 125.0227 20.53658 25.12077 True
90603 1.769992 29.25792 17.193 False
90005 -27.24373 3.257649 13.33203 False
90437 123.6268 16.18882 47.35692 False
240 83.5826 7.59695 10.67921 True
90563 -27.00356 24.91691 13.35048 False
549 95.27386 20.53658 10.73741 True
362 97.03279 11.90883 67.878 True
90168 -32.01668 13.86688 30.01814 False
90573 -35.76634 24.91691 27.26653 False
212 -3 7.599109 10.05182 True
559 123.5683 20.53659 35.91795 True
554 116.2928 20.53658 23.99111 True
90459 -10.36789 20.57589 13.48182 False
90298 99.44878 11.93835 13.83422 False
90191 2.260134 7.567829 57.26758 False
459 131.7598 16.18882 13.78137 True
90572 -35.76634 24.91691 25.34862 False
461 126.9886 16.18882 22.59871 True
341 95.3063 11.93835 15.708 True
246 99.42312 7.589506 10.33862 True
90108 -33.80557 7.599109 32.34432 False
90120 -15.56849 11.91031 15.91492 False
322 15.91059 11.91031 10.71244 True
602 -38.92 24.91691 29.94892 True
90174 51.61713 7.567828 66.01015 False
158 63.20874 3.226824 71.13283 True
90159 -35.08022 11.91031 23.87489 False
90239 121.4735 11.93835 51.95998 False
90102 -35.11193 7.599109 13.49074 False
90249 83.58232 7.59695 13.2385 False
90581 8.784079 24.9169 13.35049 False
90106 -35.87581 7.599109 26.73221 False
90381 48.40684 16.23488 13.65395 False
90352 -35.57964 16.23488 22.44124 False
369 57.00481 11.90883 74.5457 True
90527 122.0333 20.53658 18.30051 False
90007 -33.26639 3.257649 13.33202 False
90241 122.8795 11.93835 34.41866 False
627 38.55033 24.91691 17.07745 True
451 87.63953 16.18882 10.82332 True
90051 51.61712 5.14273 51.71658 False
309 -33.16222 11.91031 15.86326 True
90263 113.3189 7.589506 17.86999 False
90542 121.5993 20.53659 51.45633 False
90541 103.7692 20.53658 58.78441 False
536 52.06017 20.57589 10.58513 True
90179 51.6347 9.38835 63.71953 False
90252 91.91993 7.59695 13.23845 False
380 26.63857 11.90883 67.35281 True
467 126.4433 16.18882 38.60918 True
90213 3.081532 11.90883 71.20569 False
388 13.10703 11.90883 67.09958 True
90429 123.0277 16.18882 25.90598 False
90266 71.60127 7.589506 13.2387 False
90063 36.27578 3.226824 71.13281 False
90156 -33.16222 11.91031 13.38614 False
90363 5.67324 16.23488 13.65395 False
90014 -35.68324 3.257649 27.19915 False
90020 5.581841 3.257649 13.33203 False
234 71.04118 7.589506 10.76657 True
90605 -20.09252 29.25792 17.08265 False
90565 -29.40476 24.91691 16.34461 False
90136 5.391411 11.91031 13.38613 False
90110 -35.87581 7.599108 34.83176 False
90071 37.02332 7.599109 13.49084 False
505 -33.31876 20.57589 16.65488 True
90043 -17.092 5.265707 18.95944 False
90261 105.5616 8.879994 19.09318 False
90271 59.13032 7.589506 13.23838 False
340 79.21329 11.93835 11.51425 True
304 -38.07757 11.91031 26.45732 True
544 79.27522 20.53659 10.80474 True
90509 67.69141 20.53658 13.48168 False
90234 107.5083 11.90883 71.20571 False
90231 93.91265 11.90883 71.20573 False
90297 95.30704 11.93835 13.83428 False
90333 -13.78373 14.23807 18.92995 False
90628 -10.9471 33.59891 15.81541 False
90294 84.49016 11.93835 13.83416 False
390 9.575898 11.90883 59.9862 True
90243 124.2536 11.93835 50.88403 False
90366 16.34702 16.23488 13.65395 False
90127 -10.66613 11.91031 13.38616 False
90214 -0.27912 11.90883 71.20568 False
90166 -34.04645 11.91031 32.14204 False
90010 -35.14848 3.257649 22.4169 False
90413 98.97487 16.18882 13.65386 False
90187 2.935214 7.567829 71.41421 False
90330 -0.5670075 16.23488 16.48345 False
702 -10.08585 29.25792 17.44577 True
90341 -6.627296 16.23488 13.65409 False
1400 -9.079651 3.257649 9.175639 True
90140 25.04432 11.91031 13.38612 False
704 -6.68825 29.25792 17.11036 True
624 32.16198 24.91691 9.974052 True
323 35.8794 11.91031 15.91193 True
519 29.4649 20.57589 16.27112 True
531 64.19077 20.53658 15.9078 True
90268 67.76378 7.589506 13.23849 False
200 -38.52217 7.599109 34.83175 True
371 53.31741 11.90883 74.75101 True
90300 102.3573 11.93835 19.09317 False
90461 -13.84595 18.45633 19.12283 False
229 49.89917 7.599109 16.10472 True
90308 108.4217 11.93835 18.33664 False
90204 33.20856 11.90883 71.20576 False
90169 -35.82305 11.91031 34.42616 False
90202 39.7569 11.90883 71.20577 False
90162 -35.82305 11.91031 26.45733 False
90421 107.2817 16.18882 19.40613 False
90183 43.26699 7.567828 71.41425 False
90210 13.10703 11.90883 71.20571 False
90476 -35.76765 20.57589 31.32906 False
447 70.41576 16.18882 11.0204 True
518 16.22096 20.57589 10.50952 True
223 37.02332 7.599109 16.44047 True
90015 -35.68324 3.257649 32.27969 False
617 5.317589 24.91691 16.79081 True
616 -3.226408 24.91691 9.776898 True
90118 -13.74742 9.8604 18.95943 False
325 38.99715 11.91031 15.69031 True
90036 45.37873 3.257649 13.33199 False
90615 -4.028663 26.97357 19.03484 False
463 127.0251 16.18882 25.90592 True
809 2.174853 33.59891 23.04786 True
90066 37.02332 7.599109 9.600733 False
90320 63.14944 11.93835 13.83421 False
560 100.6176 20.53658 51.45586 True
514 -3.164955 20.57588 9.809191 True
160 46.34619 3.226824 74.61362 True
90125 -18.80099 11.91031 13.38616 False
90323 56.36743 11.93835 13.09861 False
90479 -34.02171 20.57589 32.5882 False
539 95.27386 20.53658 16.38031 True
397 -0.27912 11.90883 75.15705 True
359 93.91266 11.90883 74.44264 True
90464 -17.04605 20.57589 16.77344 False
434 45.40563 16.23488 11.0222 True
90208 19.71712 11.90883 71.20573 False
90086 -0.5443029 9.660252 19.01021 False
90347 -19.8708 16.23488 13.65424 False
90604 -20.09253 29.25792 13.56004 False
540 63.28471 20.53658 10.62668 True
90319 64.07892 11.93835 13.83419 False
90212 6.342843 11.90883 71.2057 False
122 39.39253 3.257649 10.19712 True
408 -30.48899 16.23488 9.25 True
515 23.16999 20.57589 16.41425 True
300 -37.76851 11.91031 37.05361 True
90497 36.99203 22.44863 7.438056 False
90310 124.4509 11.93835 18.33664 False
90235 107.5083 11.93835 52.56244 False
90414 98.97456 16.18882 18.23703 False
90427 124.586 16.18882 18.34079 False
315 -6.900021 11.91031 16.2789 True
547 91.60468 20.53658 10.70422 True
90346 1.946318 16.23488 13.65402 False
90304 107.6022 11.93835 19.28257 False
523 38.76131 20.57588 18.63229 True
625 35.37 24.91691 17.2137 True
90246 127.179 13.1107 52.22942 False
111 -26.76327 3.257649 16.34393 True
90419 108.4181 16.18882 18.34086 False
336 66.91409 11.93835 11.56999 True
90288 118.9237 11.93835 34.4186 False
90047 36.28106 5.14273 31.8163 False
90100 -30.1953 7.599109 13.49075 False
623 32.16198 24.91691 17.21854 True
90092 -15.14258 7.599109 13.49077 False
90534 120.6433 20.53658 35.05355 False
221 33.56937 7.599108 16.42402 True
90095 -17.07525 7.599109 15.87561 False
90067 36.21682 7.599109 9.600728 False
561 100.5876 20.53658 54.32104 True
90371 32.78202 16.23488 13.65395 False
90543 -4.015462 24.91691 16.3728 False
90423 104.0166 18.808 19.40608 False
90276 119.5979 7.589506 14.85592 False
90230 90.48029 11.90883 71.20574 False
438 52.03686 16.23488 10.85494 True
90290 122.8795 11.93835 25.24918 False
361 90.48028 11.90883 74.48371 True
230 64.03601 7.589506 10.5813 True
90115 -32.30695 5.260329 32.27967 False
302 -38.08603 11.91031 34.42615 True
500 -38.46554 20.57589 35.069 True
90042 -17.092 3.257649 16.11146 False
366 83.64282 11.90883 68.00753 True
108 -30.67253 3.257649 10.62488 True
90503 52.06017 20.57589 13.48183 False
90248 79.5844 7.59695 13.23855 False
314 -18.80099 11.91031 10.08814 True
90606 -14.68642 29.25792 13.56004 False
563 107.2028 20.53658 58.78451 True
90396 79.10986 16.18882 13.65386 False
90260 107.579 7.589506 19.09326 False
90142 29.86175 11.91031 13.38611 False
524 29.4649 20.57589 10.95445 True
226 56.46136 7.589506 10.02053 True
90332 -0.5670042 18.27336 19.10904 False
90273 56.46147 7.589506 12.80379 False
90569 -34.98102 24.91691 13.35047 False
90391 67.48483 16.18882 13.65386 False
90018 -0.8478975 3.257649 13.33204 False
90466 -19.62033 20.57589 13.4818 False
112 -23.83865 3.257649 10.57161 True
803 -11.82381 33.59891 13.30611 True
90305 105.7324 12.86369 19.28261 False
90303 107.6029 11.93835 18.30877 False
385 19.71712 11.90883 75.22944 True
432 42.20287 16.23488 11.11694 True
425 42.20287 16.23488 16.42323 True
90205 29.89781 11.90883 71.20575 False
374 43.28585 11.90883 68.35852 True
90385 127.9324 11.93835 25.24918 False
326 29.86175 11.91031 10.33754 True
90130 -2.218737 11.91031 13.38614 False
90415 102.3586 16.18882 18.23692 False
435 67.4846 16.18882 15.91479 True
703 -15.45981 29.25792 6.965351 True
90089 -6.483204 7.599109 13.49078 False
90531 120.6446 20.53658 25.1208 False
159 36.27578 3.226824 67.64721 True
90465 -17.04605 22.66487 19.0813 False
90220 6.342842 11.90883 46.03212 False
303 -34.707 11.9095 34.51737 True
706 -0.9602518 29.25792 22.21039 True
90379 45.40588 16.23488 13.65395 False
207 -30.1953 7.599109 16.22132 True
90237 114.2951 11.93835 51.95999 False
90270 60.28204 7.589506 13.23838 False
90339 -15.4495 16.23488 13.65422 False
90175 49.46719 7.567829 66.01014 False
90373 35.98932 16.23488 9.494506 False
543 74.36067 20.53658 10.63999 True
90446 125.6008 19.16 52.14465 False
90033 37.0745 5.234784 6.991429 False
90242 124.2535 11.93835 51.95998 False
90029 36.28106 3.257649 10.59268 False
90001 -9.079651 3.257649 13.33205 False
449 79.11022 16.18882 10.92659 True
90126 -20.05984 11.91031 13.38615 False
90436 123.028 16.18882 47.35686 False
90490 29.4649 20.57589 13.48186 False
90387 59.66797 16.18882 13.6538 False
424 26.34717 16.23488 11.38872 True
90167 -32.01668 13.86688 32.14204 False
333 67.73376 11.93835 15.69207 True
90567 -33.40846 24.91691 13.35047 False
90197 49.46719 11.90883 66.01013 False
90588 35.9525 24.91691 9.470531 False
90225 57.00481 11.90883 71.20578 False
446 67.4846 16.18882 10.91843 True
701 -18.82591 29.25792 10.32641 True
387 16.20692 11.90883 75.25084 True
628 48.03864 24.91691 9.648972 True
227 46.39281 7.599109 16.04212 True
90536 120.6431 20.53658 51.456 False
90257 102.3844 7.589506 16.84084 False
381 26.63857 11.90883 75.27914 True
286 39.73714 7.567828 67.8829 True
90609 -17.0878 29.25792 16.63821 False
90138 15.91059 11.91031 13.38613 False
119 25.94649 3.257649 16.05047 True
90618 -13.77987 31.31691 18.92544 False
90017 -35.92912 3.257649 35.3233 False
90250 84.94236 7.59695 13.23848 False
225 40.27034 7.599109 16.29947 True
90471 -34.09742 20.57588 13.48174 False
526 32.62606 20.57589 10.99936 True
90405 78.09628 16.18882 19.56958 False
90625 -15.42115 33.59891 15.81542 False
90163 -35.82305 11.91031 30.8185 False
90044 -13.74742 5.265707 18.95944 False
235 67.76371 7.589506 15.63295 True
90094 -13.66274 7.599108 15.87561 False
90328 -4.018452 16.23488 16.48351 False
513 5.54549 20.57589 16.49297 True
90227 70.24674 11.90883 71.20576 False
90520 78.09289 20.53658 19.56999 False
106 -34.03459 3.257649 10.57712 True
556 116.1505 20.53659 29.99853 True
90309 115.7597 11.93835 18.33664 False
90586 35.37 24.91691 13.35048 False
90632 -2.758053 33.59891 15.81537 False
90455 -2.197916 20.57589 13.48188 False
90019 1.971902 3.257649 13.33204 False
297 -0.341711 7.567828 66.00396 True
378 29.89781 11.90883 67.38673 True
205 -33.42818 7.599109 22.4281 True
90026 30.15308 3.257649 13.33201 False
90349 -30.48896 16.23488 13.65401 False
421 32.7818 16.23488 16.37224 True
90576 -33.95756 24.91691 31.29884 False
400 -37.97101 16.23488 35.14209 True
90530 120.6449 20.53658 23.99109 False
299 -0.3640928 7.567828 53.11043 True
90277 118.0915 7.589506 14.85583 False
356 118.0777 11.93835 55.01931 True
90049 46.19685 5.142729 46.69727 False
90013 -35.68324 3.257649 26.32613 False
90362 -35.57909 16.23488 35.59678 False
90511 74.361 20.53658 13.48156 False
90440 124.2536 16.18882 52.30243 False
90325 52.61864 11.91 13.3861 False
90515 84.48682 20.53659 13.48137 False
90004 -26.76327 3.257649 13.33203 False
90077 26.07789 7.599109 13.49083 False
22 40.27035 7.599109 10.20306 True
90240 122.8802 11.93835 51.95998 False
90357 -34.07943 16.23488 30.09348 False
90132 -4.134117 11.91031 16.19554 False
373 39.7569 11.90883 75.19798 True
90264 75.19648 7.589506 13.2386 False
90539 103.7694 20.53659 51.45633 False
90316 70.6547 11.93835 13.83416 False
541 67.05568 20.53658 10.43985 True
90195 53.75748 11.90883 66.01013 False
90480 -32.12119 22.52233 32.58819 False
90147 35.20128 13.82649 7.345329 False
528 39.33054 20.57588 10.33656 True
90404 79.10986 16.18882 19.56959 False
557 124.871 20.53658 28.61505 True
90483 -35.76764 20.57589 35.62526 False
90450 -4.015461 18.52812 19.10893 False
90024 24.82104 3.257649 13.33202 False
239 75.19631 7.589506 15.63914 True
90525 108.1241 20.53658 18.30057 False
90058 49.4416 7.567828 63.2 False
90223 2.456323 11.90883 41.87393 False
90278 118.0926 7.589506 12.73808 False
90613 -0.6202412 29.25792 16.45913 False
90340 -10.18986 16.23488 13.65424 False
90291 78.90143 11.93835 13.8341 False
90160 -35.82305 11.91031 23.87489 False
542 70.63836 20.53658 10.56364 True
527 52.06017 20.57589 17.35003 True
90281 80.35126 7.589506 18.99365 False
90307 108.4214 11.93835 16.92804 False
90460 -15.41834 20.57589 13.48185 False
90591 38.95424 24.9169 13.35048 False
90627 -14.55456 33.59891 13.30611 False
384 19.71712 11.90883 67.1433 True
90109 -31.94856 9.654874 32.34431 False
90344 1.946318 16.23488 10.87057 False
90403 78.08749 13.94081 21.77014 False
90082 -0.5443029 7.599109 13.4908 False
90062 43.09707 3.226824 71.13282 False
436 48.40702 16.23488 11.00583 True
214 13.02662 7.599109 10.26365 True
90135 1.812713 11.91031 13.38614 False
90055 51.61713 7.567829 58.281 False
90267 71.04098 7.589506 13.23858 False
90180 51.61713 7.567828 70.68157 False
509 -20.05284 20.57589 16.37646 True
90119 -13.74742 11.91031 15.91492 False
90272 59.12988 7.589506 12.80372 False
90312 131.1856 11.93835 17.90105 False
90215 -3.484718 11.90883 71.20567 False
618 5.317589 24.91691 10.33894 True
441 87.63954 16.18882 16.09463 True
90313 103.1301 10.64 19.09317 False
90412 95.14796 16.18882 13.65386 False
90447 131.2347 16.18882 18.34058 False
90598 -6.68825 29.25792 13.55996 False
533 67.69154 20.53658 15.99507 True
90631 2.174852 33.59891 15.81536 False
90046 36.28106 3.919258 29.64368 False
396 9.546639 11.90883 49.45667 True
458 124.5859 16.18882 13.24183 True
90370 29.57459 16.23488 13.65395 False
415 12.8158 16.23488 16.10406 True
245 95.91986 7.589505 10.35689 True
218 26.70452 7.599109 10.40334 True
90475 -35.76765 20.57589 27.35635 False
290 5.589507 7.567828 57.26757 True
90034 36.28106 3.257649 19.17059 False
90453 -0.6021719 20.57589 16.51874 False
448 74.2644 16.18882 10.95797 True
468 126.4643 16.18882 41.67593 True
90342 -3.124355 16.23488 13.65401 False
90009 -35.14848 3.257649 13.33201 False
90538 124.2817 20.53658 52.26381 False
90233 100.2324 11.90883 71.20572 False
90096 -17.07525 7.599109 16.75162 False
90236 107.5083 11.93835 51.96 False
202 -38.42996 7.599108 26.7322 True
90318 66.91436 11.93835 13.83426 False
90172 -35.82305 11.91031 37.05362 False
90054 51.61713 5.513422 56.16563 False
90131 -2.218737 11.91031 16.19555 False
413 9.104008 16.23488 15.96945 True
90561 -23.71794 24.91691 13.35048 False
90068 36.21682 9.127 7.40716 False
351 134.3463 11.93835 17.90084 True
90245 129.1331 11.93835 52.2296 False
90203 36.68085 11.90883 71.20576 False
90526 120.6448 20.53658 18.3005 False
465 127.4955 16.18882 32.05026 True
90317 67.73358 11.93835 13.8342 False
605 -32.92056 24.91691 25.34862 True
90170 -35.82305 11.91031 35.6274 False
90548 -4.050564 22.66487 19.24964 False
90217 6.342842 11.90883 56.60271 False
90216 6.342843 11.90883 59.98621 False
90254 99.42332 7.589506 13.23848 False
90232 97.03279 11.90883 71.20573 False
90302 107.6024 11.93835 16.92802 False
90027 32.90754 3.257649 13.33201 False
90393 71.17134 16.18882 13.65386 False
90206 26.63857 11.90883 71.20574 False
164 36.27578 3.226824 74.37952 True
90164 -34.04645 11.91031 30.81849 False
417 23.14441 16.23488 16.29382 True
318 -3.407988 11.91031 10.08643 True
90041 -4.181696 5.265707 19.05173 False
90293 83.48119 11.93835 13.83412 False
90454 -0.6021743 22.66487 19.24964 False
90506 63.28474 20.53658 13.48191 False
90221 2.456323 11.90883 46.0321 False
90574 -38.92 24.91691 27.26653 False
90299 99.44881 11.93835 18.262 False
90519 99.01044 20.53658 13.4814 False
305 -33.16009 11.91031 26.45732 True
430 38.90102 16.23488 11.3135 True
346 99.44881 11.93835 11.70416 True
399 -0.2791195 11.90883 67.28197 True
469 126.8764 16.18882 47.3571 True
90091 -14.73829 7.599108 13.49078 False
90006 -30.67253 3.257649 13.33203 False
90494 36.94859 20.57589 9.547213 False
550 108.1237 20.53658 13.33307 True
538 56.52281 20.53658 10.48922 True
90201 43.28585 11.90883 71.20578 False
375 36.68085 11.90883 75.1974 True
405 -23.53811 16.23488 16.26172 True
90562 -23.71794 24.91691 16.34461 False
319 25.04432 11.91031 15.59129 True
355 121.4735 11.93835 55.04295 True
90521 79.27522 20.53658 19.56999 False
90226 63.41959 11.90883 71.20577 False
534 48.42789 20.57589 10.52818 True
90052 51.61712 3.919259 53.18996 False
311 -23.70966 11.91031 15.77544 True
90368 23.14425 16.23488 13.65395 False
90495 35.1714 20.57588 9.547213 False
90435 123.0276 16.18882 41.67614 False
90582 12.28057 24.91691 13.35049 False
90392 70.41618 16.18882 13.65386 False
90074 49.89917 7.599109 13.49083 False
90382 52.03716 16.23488 13.65395 False
90035 39.39253 3.257649 13.332 False
90528 125.0465 20.53658 18.30057 False
90388 63.5443 16.18882 13.65386 False
503 -34.44413 20.57589 27.35635 True
810 -2.758055 33.59891 8.853539 True
522 26.29563 20.57589 11.10899 True
90372 35.98944 16.23488 13.65395 False
90472 -35.04082 20.57589 13.48173 False
402 -37.91375 16.23488 31.38837 True
90428 123.0279 16.18882 22.59852 False
90395 74.58704 16.18882 13.65386 False
90608 -15.45982 29.25792 10.32647 False
337 74.93652 11.93835 15.72152 True
365 70.24674 11.90883 74.63345 True
433 63.54452 16.18882 15.88032 True
90045 36.28106 3.919259 21.36781 False
90334 -13.78369 16.23488 16.34232 False
90256 102.3854 7.589506 17.93953 False
224 46.39281 7.599109 10.31594 True
90439 125.8544 14.508 52.22926 False
90356 -34.07943 16.23488 31.38837 False
90377 38.90096 16.23488 13.65395 False
90209 16.20692 11.90883 71.20572 False
296 -0.4401326 7.567828 71.4142 True
90568 -33.8633 24.91691 13.35047 False
90383 36.99454 16.23488 9.494505 False
357 114.2951 11.93835 55.0047 True
90114 -34.09397 3.257649 32.27968 False
90198 51.61713 11.90883 71.20579 False
440 55.99152 16.18882 10.83996 True
516 5.54549 20.57589 11.12666 True
90194 2.260133 7.567829 45.57605 False
321 30.35179 11.91031 15.70831 True
208 -24.25391 7.599109 8.899994 True
118 24.82104 3.257649 10.01862 True
206 -33.96136 7.599108 10.33377 True
90612 -2.178009 29.25792 16.45916 False
607 -33.40846 24.91691 17.23806 True
426 29.5745 16.23488 11.3201 True
90061 46.34619 3.226825 71.13283 False
90361 -35.57911 16.23488 35.14224 False
90616 -4.028663 29.25792 16.45913 False
228 60.28199 7.589506 10.0995 True
90030 35.61878 3.257649 10.59267 False
418 16.34696 16.23488 11.08531 True
90315 71.37612 11.93835 13.83412 False
90512 74.8661 20.53659 13.48148 False
90523 102.3705 20.53659 18.30051 False
395 3.081532 11.90883 74.97961 True
530 42.19337 20.57589 10.47191 True
90060 49.4416 3.226824 71.13284 False
90146 35.20128 11.91031 9.643733 False
525 45.40477 20.57589 18.32555 True
368 73.52565 11.90883 68.19739 True
121 30.15308 3.257649 15.97017 True
613 -9.588789 24.91691 16.79506 True
90184 39.73714 7.567828 71.41424 False
90111 -35.87581 7.599108 35.5073 False
90188 2.260134 7.567828 71.4142 False
90158 -35.08022 11.91031 13.38613 False
90322 56.36729 11.93835 13.83417 False
393 6.342843 11.90883 75.10934 True
103 -34.13266 3.257649 35.32328 True
90589 36.97378 24.91691 9.470527 False
90021 8.972873 3.257649 13.33203 False
90296 91.62024 11.93835 13.83426 False
232 67.76371 7.589506 10.69599 True
90558 -13.70612 22.66487 19.0813 False
423 35.98932 16.23488 16.33614 True
90350 -34.99765 16.23488 13.65397 False
398 -3.484718 11.90883 75.04272 True
90348 -23.5382 16.23488 13.65409 False
90285 78.9022 11.93835 19.77067 False
90144 35.8794 11.91031 13.38611 False
90482 -35.76764 20.57589 35.069 False
90557 -13.70612 24.91691 16.58249 False
90025 25.94649 3.257649 13.33202 False
90165 -34.04645 11.91031 30.048 False
510 -19.62038 20.57589 9.366117 True
409 -6.627267 16.23488 16.70942 True
90124 -15.56849 11.91031 13.38616 False
622 22.68482 24.91691 10.10432 True
90283 78.07082 9.645678 21.44495 False
90104 -35.11193 7.599108 24.74966 False
90280 79.32913 7.589506 18.99377 False
211 -9.183859 7.599109 17.10554 True
90365 12.81579 16.23488 13.65401 False
410 -19.87075 16.23488 10.55187 True
90410 87.63965 16.18882 13.65386 False
90505 60.34983 20.53658 13.4819 False
90073 46.39281 7.599109 13.49083 False
90150 45.27737 11.91031 13.3861 False
535 74.86591 20.53658 16.22345 True
90173 37.06985 11.91031 9.643732 False
394 9.62721 11.90883 52.95287 True
90292 79.21344 11.93835 13.83413 False
90088 -3 7.599109 13.49079 False
562 103.7694 20.53658 57.76351 True
90451 -4.015431 20.57589 16.5188 False
443 91.4519 16.18882 16.11393 True
123 39.39253 3.257649 15.8926 True
90012 -35.68324 3.257649 24.93441 False
90345 -2.272444 16.23488 13.65396 False
452 91.45189 16.18882 10.84557 True
90255 99.42312 7.589506 17.93947 False
90555 -19.9504 24.91691 13.35048 False
107 -33.6066 3.257649 24.9344 True
238 79.5845 7.59695 10.67133 True
90011 -35.68324 3.257649 22.4169 False
705 -8.189338 29.25792 8.208272 True
329 60.19343 11.93835 15.87724 True
358 104.0161 11.93835 52.56243 True
90360 -32.09734 18.13082 30.15636 False
626 38.95425 24.91691 9.859831 True
90550 -6.674112 24.91691 13.35049 False
422 23.14441 16.23488 11.32829 True
216 16.62218 7.599109 10.24199 True
90262 104.081 9.903 19.09314 False
800 -19.88242 33.59891 12.16622 True
407 -19.87076 16.23488 16.16596 True
90016 -35.92913 3.257649 32.27967 False
90587 35.9525 24.91691 13.35048 False
383 23.25843 11.90883 75.29347 True
307 -33.38323 11.91031 24.86399 True
327 45.27737 11.91031 15.66455 True
360 100.2324 11.90883 67.80309 True
350 131.1856 11.93835 14.60038 True
90143 30.35179 11.91031 13.38611 False
90549 -3.226408 24.91691 13.3505 False
90083 -0.5443029 7.599109 16.37207 False
90477 -34.02171 20.57589 31.32906 False
90470 -33.31886 20.57589 13.48171 False
90177 53.75748 7.567828 66.01014 False
90258 107.5796 7.589506 16.84081 False
90050 51.61712 5.14273 46.69727 False
90473 -35.04082 20.57589 22.59701 False
90123 -17.18007 13.9654 18.93 False
310 -30.64787 11.91031 10.9327 True
609 -26.43409 24.91691 16.34461 True
317 5.391411 11.91031 15.74624 True
90207 23.25843 11.90883 71.20573 False
90105 -35.87581 7.599109 24.74966 False
90552 -10.27137 24.9169 13.35049 False
90524 102.3461 20.53658 19.406 False
90486 16.22096 20.57589 13.48187 False
90084 -2.269274 7.599108 16.37206 False
90321 60.19392 11.93835 13.83414 False
90218 6.342842 11.90883 52.95287 False
90566 -30.60563 24.91691 13.35047 False
328 38.99715 11.91031 10.34025 True
334 63.14947 11.93835 11.55175 True
90402 79.95885 13.94081 21.77013 False
348 115.7597 11.93835 14.88059 True
90411 91.45249 16.18882 13.65386 False
90336 -17.15402 16.23488 16.34228 False
411 5.673234 16.23488 16.01056 True
450 83.16489 16.18882 10.75934 True
90481 -32.12119 22.52233 30.03028 False
104 -37.92117 3.257649 26.32612 True
508 -30.6677 20.57589 9.988359 True
312 -23.70966 11.91031 10.64639 True
90228 73.52565 11.90883 71.20576 False
90324 52.61882 11.90877 13.09869 False
372 57.00481 11.90883 68.33758 True
90331 -0.5670052 16.23488 17.11854 False
213 5.905323 7.599108 16.0718 True
113 -23.83864 3.257649 16.44698 True
90510 70.63844 20.53658 13.48166 False
90338 -17.15407 18.27335 19.12293 False
532 45.40477 20.57589 10.45234 True
90081 2.263 7.599109 13.4908 False
90545 -2.257048 24.91691 13.3505 False
90279 118.0922 9.489805 10.17937 False
502 -38.18772 20.57589 31.32906 True
90359 -32.09739 18.13082 32.59893 False
347 108.4217 11.93835 14.90375 True
220 33.56937 7.599109 10.27068 True
90314 74.93679 11.93835 13.83413 False
90496 35.1714 22.44863 7.438061 False
90099 -23.76882 7.599108 13.49076 False
90579 1.902658 24.91691 13.3505 False
90211 9.657487 11.90883 71.2057 False
90452 -2.197918 20.57589 16.51874 False
460 134.7536 16.18882 17.8657 True
90039 -0.8478975 3.257649 16.43165 False
324 25.74175 11.91031 10.36093 True
219 26.07789 7.599108 16.28374 True
90583 16.02952 24.91691 13.35049 False
529 60.34947 20.53658 15.9464 True
90301 102.3574 11.93835 16.92799 False
90585 32.16198 24.91691 13.35048 False
805 -8.843872 33.59891 17.85738 True
90032 35.61877 5.234784 6.991436 False
338 70.65508 11.93835 11.56035 True
551 122.0333 20.53658 13.85113 True
90489 26.29563 20.57589 13.48186 False
90145 35.8794 11.91031 9.643738 False
707 -3.253765 29.25792 8.289252 True
215 13.02663 7.599109 16.16839 True
90507 64.1909 20.53658 13.48181 False
90351 -34.99775 16.23488 22.44137 False
90422 105.7322 17.08015 19.40611 False
90469 -30.66769 20.57589 13.48175 False
619 8.784079 24.91691 16.68274 True
90409 83.16533 16.18882 13.65386 False
406 -37.9462 16.23488 25.2576 True
90189 2.260134 7.567828 66.00397 False
90584 22.68482 24.91691 13.35048 False
90141 25.74175 11.91031 13.38612 False
537 91.60469 20.53659 16.45699 True
161 22.97089 3.226824 71.1328 True
90551 -9.588789 24.91691 13.35049 False
90593 -13.77987 26.96662 19.05821 False
521 32.62606 20.57589 16.09912 True
90384 127.9324 11.93835 18.33663 False
90488 23.16999 20.57589 13.48187 False
90500 42.19337 20.57589 13.48184 False
90284 78.07043 11.93835 19.77067 False
90072 40.27034 7.599108 13.49084 False
90286 79.95915 11.93835 19.77071 False
90326 -0.6734638 13.9654 18.97374 False
90517 91.60501 20.53658 13.48141 False
90087 -2.269274 7.599108 13.49079 False
90474 -35.76765 20.57589 22.597 False
90311 131.1858 11.93835 18.33664 False
620 16.02952 24.91691 10.41495 True
90192 2.260134 7.567828 53.11044 False
90251 88.12054 7.59695 13.23853 False
511 -6.710599 20.57589 17.00198 True
367 63.41958 11.90883 74.55275 True
552 125.0468 20.53658 13.77492 True
90564 -29.40476 24.91691 13.35048 False
90408 78.09303 18.15727 21.65892 False
545 83.57642 20.53658 10.67522 True
90076 26.70452 7.599109 13.49083 False
370 63.41958 11.90883 68.1886 True
90529 132.2668 20.53659 18.3005 False
90343 -3.124344 16.23488 10.87076 False
404 -37.90069 16.23488 27.36189 True
90069 37.06985 9.127 7.40716 False
204 -38.26089 7.599109 24.74965 True
339 91.61972 11.93835 15.8835 True
553 132.2668 20.53658 13.59694 True
90425 118.2217 16.18882 18.34081 False
90571 -35.76634 24.9169 23.68042 False
90182 49.88962 7.567828 71.41425 False
90358 -34.07943 16.23488 32.59913 False
90335 -15.44953 16.23488 16.34224 False
90492 35.93478 20.57589 13.48185 False
90546 -0.6029325 24.91691 16.37279 False
90222 0.1115408 11.90883 46.03209 False
506 -34.09748 20.57589 10.44969 True
345 95.3063 11.93835 11.66974 True
90596 -15.36372 29.25792 13.55997 False
90181 49.88962 7.567829 70.68156 False
807 -6.5543 33.59891 13.30917 True
90522 99.01044 20.53658 18.3006 False
115 5.581841 3.257649 16.08643 True
504 -37.89338 20.57589 27.35635 True
242 88.12039 7.59695 10.61908 True
90097 -17.07525 9.660252 18.87246 False
90155 -30.64787 11.91031 13.38614 False
454 98.97456 16.18882 10.84829 True
90374 35.14168 16.23488 9.494506 False
110 -27.24373 3.257649 10.65303 True
231 60.28199 7.589506 15.55361 True
90575 -35.76634 24.9169 31.29884 False
90449 131.7599 16.18882 17.86574 False
90117 -31.94856 9.654874 30.048 False
520 19.91923 20.57589 11.17184 True
90442 123.6265 16.18882 51.91286 False
501 -34.00098 20.57589 35.62526 True
386 16.20692 11.90883 67.22359 True
700 -26.03465 29.25792 17.08267 True
90624 -17.06074 33.59891 16.63814 False
1401 46.19685 5.14273 41.78543 True
90456 -3.16494 20.57589 13.48186 False
90103 -35.11193 7.599109 22.42811 False
90003 -23.83865 3.257649 13.33204 False
90148 37.04752 13.82649 7.345324 False
90547 -0.6029329 26.97357 19.03493 False
611 -19.9504 24.91691 16.49954 True
90580 5.317589 24.91691 13.35049 False
90057 51.61713 7.567828 63.2 False
90107 -35.87581 7.599109 32.34433 False
90369 26.34704 16.23488 13.65395 False
806 -6.554299 33.59891 17.88176 True
621 12.28057 24.91691 16.58861 True
90533 120.6441 20.53658 29.99854 False
90153 -23.70966 11.91031 13.38615 False
90431 123.0278 16.18882 32.05015 False
90085 -4.081646 7.599109 16.37205 False
90570 -34.98101 24.9169 23.68043 False
90441 124.254 16.18882 50.76489 False
90190 2.260134 7.567828 59.19991 False
90022 12.44505 3.257649 13.33202 False
120 32.90754 3.257649 10.06999 True
90269 64.03638 7.589506 13.23841 False
90418 108.4181 16.18882 17.31645 False
90040 -0.8478975 5.265707 19.05173 False
105 -33.66113 3.257649 27.19915 True
419 29.5745 16.23488 16.32013 True
352 115.3015 11.93835 34.41879 True
90059 49.4416 3.226824 66.62059 False
90064 15.98396 3.226824 71.1328 False
412 -10.18988 16.23488 10.47445 True
414 -0.4742756 16.23488 10.87072 True
90112 -33.80557 7.599109 29.88974 False
90487 19.91923 20.57588 13.48187 False
399a -0.03328896 11.90883 59.9862 True
243 95.91987 7.589506 16.1942 True
90244 129.1337 11.93835 50.8839 False
90337 -17.15405 16.23488 17.03883 False
90493 35.93478 20.57588 9.547216 False
90079 13.02663 7.599109 13.49081 False
233 64.03601 7.589506 15.53752 True
90378 42.20309 16.23488 13.65395 False
217 16.62218 7.599109 16.71931 True
284 70.22663 7.567828 70.68156 True
802 -14.55455 33.59891 10.09892 True
117 8.972873 3.257649 15.98369 True
377 33.20856 11.90883 75.16956 True
289 39.73714 7.567829 75.27412 True
90610 -17.08782 31.31691 18.92545 False
90394 74.2647 16.18882 13.65386 False
512 -10.36789 20.57589 9.434366 True
90611 -2.178013 29.25792 13.55994 False
90595 -15.36372 29.25792 16.63818 False
90445 127.3194 17.32539 52.14468 False
90462 -13.84576 20.57589 16.77342 False
90594 -13.77987 29.25792 16.63818 False
90355 -35.57923 16.23488 31.38834 False
90306 103.8743 13.89606 19.28265 False
90224 1.812713 11.90883 41.87392 False
90498 38.76131 20.57589 13.48185 False
90329 -2.272444 16.23488 16.48351 False
90513 79.27494 20.53658 13.48138 False
335 71.37576 11.93835 15.81152 True
90129 -3.407988 11.91031 13.38615 False
608 -30.60563 24.91691 9.885694 True
90607 -14.68645 29.25792 10.32654 False
90478 -34.0217 20.57589 30.15636 False
389 13.10703 11.90883 75.28262 True
90406 80.1155 16.18882 19.56958 False
558 116.0445 20.53658 35.05344 True
439 74.58709 16.18882 15.87866 True
90443 129.2635 16.18882 50.76494 False
416 5.67324 16.23488 10.84098 True
332 60.19343 11.93835 11.71872 True
90514 83.57667 20.53658 13.48138 False
125 45.37873 3.257649 16.16205 True
90053 51.61713 3.919259 54.75822 False
90504 56.52293 20.53658 13.48184 False
90578 -33.95756 24.9169 30.03028 False
90516 87.75557 20.53659 13.4814 False
90535 120.6434 20.53658 35.91797 False
349 124.4505 11.93835 14.74637 True
90432 123.028 16.18882 38.60905 False
90553 -15.38809 24.91691 13.35049 False
90630 -6.554329 33.59891 15.81537 False
90327 -4.018452 14.27866 18.97365 False
90161 -35.82305 11.91031 24.864 False
331 64.07889 11.93835 15.48309 True
90364 9.104012 16.23488 13.65396 False
343 87.6398 11.93835 11.5293 True
293 13.54059 7.567829 71.41422 True
90559 -17.07692 24.91691 16.58249 False
90592 48.03865 24.91691 13.35047 False
604 -38.0619 24.91691 23.68041 True
316 -10.66613 11.91031 10.04087 True
90093 -15.14258 7.599108 15.87562 False
90629 -8.843874 33.59891 15.81537 False
124 47.77988 3.257649 13.02218 True
90247 79.32926 7.59695 13.23855 False
90275 119.5982 7.589506 17.86994 False
90149 38.99715 11.91031 13.3861 False
90121 -17.18007 11.91031 15.91492 False
201 -33.85073 7.599109 35.50729 True
90185 23.02981 7.567828 71.41423 False
90407 80.11549 18.15727 21.65893 False
298 -0.3424168 7.567828 59.19991 True
392 9.681546 11.90883 56.6027 True
90444 129.2633 16.18882 52.14467 False
308 -34.06586 11.91031 10.85905 True
90602 1.769992 29.25792 22.21047 False
241 88.12039 7.59695 15.75725 True
90253 95.91963 7.589506 13.23844 False
90186 19.16335 7.567828 71.41422 False
301 90171
90196 90197 90195 90198
90219 90220 90218 396
614 90552
90282 90281 90283
90600 90611 707 90598
320 90137
90467 90466 509 90468
90577 90576
210 208 90091
453 90412
708 90603
507 90468
401 90362
90614 90613
364 90230
237 90266
162 90062
90008 90009 106 90007
90259 90263 90260 90258
90133 90131 90326
90633 810 90632 808
363 90229
90037 124 90036
344 90296
90078 217 216 90079 90077
90171 90170 301 303
90122 90123 90121
90484 90485 90455
287 90182
399b 90218
90544 90546 90543 90545
612 90554
90295 90294 90296 343
90098 209 90099 90092
90560 90559 90593
391 90211
808 90633
437 90393
203 90106
90367 420 90368 90366
90599 90597 705 90598
90463 90464 90462 90460
90556 90557 90553 90559
294 90193
90626 90627 90628 90625
420 90367
90417 90415 90418
445 90412
90420 90421 90419
90354 90353 404 90355 403
546 90516
90193 294 90192 90194
801 800 90625
90375 90374 90376
379 90205
90502 90503 534 90501
90028 90035 90027 90034 90029
209 90098
90620 90623 90618
376 90203
90376 90375 90494
90623 90625 90620 90624
90590 627 90587 90591
610 90563
90353 406 90352 90354
517 90489
236 90265
90499 528 90500 90498
90137 90136 90138 320
90080 90081 90079 213
90554 90555 90553 612
429 90382
90134 90132 90086
606 90568
102 90017
342 90293
330 90323
444 90388
90116 90115 90112
90537 90538 90542
90176 90197 90179 90175
615 90550
90101 90100 206 90102
90601 90611 90603
90532 90531 557 90533
90031 90032 90030
90491 521 90492 90490 526
464 90430
244 90252
295 90187
90430 90429 464 90431
90151 90150 328
90597 702 90606 90599
90265 236 90266 90264
431 90389
90023 90024 90022
90128 90129 90127 315
90518 539 549 90517 90519
90002 90003 90042 90001
90501 532 90500 90502 525
90199 90225 90198 371
90448 90449 90447
90508 90509 541 90507
306 90160
442 90387
292 90192
804 90628
90075 220 90076 221 90071
90468 507 90467 90469
90438 90442 90437 90441
90458 90459 511 90456
313 90126
90389 90386 431
90178 90177 90195 90179
90386 90387 90389 90382 440
90238 90237 356 90239
90485 513 90484 90486 516
428 90371
90065 90033 90066
90540 561 90539 562
90090 90089 211
90426 90425 90427 90428
90416 90306 90415
382 90207
90157 90156 308 90158
403 90354
90229 366 90228 363 90230
555 90531
90603 90601 708 90602
90005 90004 110 90006
90437 90438 469 90436
240 90249
90563 610 90564 90561
549 90518
362 90232
90168 90357 90167
90573 90574 90572 90575
212 90088
559 90535
554 90530
90459 512 90458 90460
90298 90299 90297 346
90191 290 90192 90190
459 90449
90572 605 90571 90573
461 90428
341 90297
246 90254
90108 90109 90107 90112
90120 90119 90124 90121
322 90138
602 90574
90174 90057 90177 90180 90175
158 90060
90159 90160 90158
90239 90240 90238 355
90102 90101 90103
90249 240 90250 90248
90581 90582 90580 619
90106 202 203 90107 90105
90381 90379 436 90382
90352 90353 90351
369 90225
90527 551 90526 90528
90007 90008 90006
90241 90290 90240 90288
627 90590
451 90410
90051 90050 90052
309 90156
90263 90275 90259
90542 90536 90537
90541 562 563
536 90503
90179 90176 90178
90252 90253 90251 244
380 90206
467 90432
90213 90214 395 90212
388 90210
90429 90430 90428 463
90266 90267 90265 237
90063 159 164 161 90062
90156 90157 309 90155
90363 411 90364 416 90346
90014 90013 90015 105
90020 90019 90021 115
234 90267
90605 700 90604
90565 609 90564
90136 90137 317 90135
90110 90111 200 90107
90071 223 90075 90066 90072
505 90470
90043 90042 90044
90261 90262 90260
90271 90270 90272
340 90292
304 90162
544 90513
90509 533 90510 90508
90234 90235 90233
90231 359 90230 90232
90297 345 341 90296 90298
90333 90334 90123
90628 90629 804 90626
90294 90293 90295
390 90216
90243 90244 90242
90366 90367 90365 418
90127 90124 316 90128
90214 399 397 90213 90215
90166 90164 90167
90010 90009 90011
90413 90414 90412 454
90187 90188 295 293
90330 90329 90331
702 90597
90341 90340 90342 409
1400 90001
90140 319 90138 90141
704 90598
624 90585
323 90144
519 90490
531 90507
90268 90267 232 235 90269
200 90110
371 90199
90300 90313 90301 90299
90461 90462 90338
229 90074
90308 90303 90307 90309
90204 377 90203 90205
90169 90170 90163 302
90202 90201 373
90162 90163 90161 305 304
90421 90420 90422
90183 90184 90182
90210 90211 388 90209 389
90476 90477 502 90475 90482
447 90392
518 90486
223 90071
90015 90114 90014 90016
617 90580
616 90549
90118 90097 90119
325 90149
90036 90035 125 90037
90615 90547 90616
463 90429
809 90631
90066 90067 90071 90065
90320 334 90321 90319
560 90539
514 90456
160 90061
90125 314 90126 90124
90323 90322 330 90324
90479 90477 90480
539 90518
397 90214
359 90231
90464 90465 90463
434 90379
90208 384 90207 385 90209
90086 90083 90134
90347 90339 407 410 90348
90604 90596 90605
540 90506
90319 331 90320 90318
90212 90216 90211 90213 393
122 90035
408 90349
515 90488
300 90172
90497 90589 90496
90310 349 90384 90309
90235 90234 358 90236
90414 90415 90413
90427 90447 90426 458
315 90128
547 90517
90346 90363 90345 90344
90304 90303 90305
523 90498
625 90586
90246 90245 90439
111 90004
90419 90420 90425 90418
336 90318
90288 352 90241
90047 1401 90046
90100 90101 207 90099
623 90585
90092 90093 90091 90098
90534 90535 90533 558
221 90075
90095 90096 90093
90067 90068 90066
561 90540
90371 90372 421 428 90370
90543 90544 90548
90423 90524 90422
90276 90275 90277
90230 361 90229 90231 364
438 90382
90290 90241 90385
361 90230
230 90269
90115 90114 90116
302 90169
500 90482
90042 90002 90043
366 90229
108 90006
90503 527 536 90504 90502
90248 90249 90247 238
314 90125
90606 90597 90596 90607
563 90541
90396 90404 90395 449 90409
90260 90259 90261
90142 326 90143 90141
524 90490
226 90273
90332 90450 90331
90273 226 90272
90569 90570 90568
90391 90388 435 446 90392
90018 90039 90001 90019
90466 90467 90460 510
112 90003
803 90627
90305 90304 90306
90303 90302 90308 90304
385 90208
432 90378
425 90378
90205 90206 379 378 90204
374 90201
90385 90384 90290
326 90142
90130 90129 90131 90135
90415 90414 90416 90417
435 90391
703 90608
90089 90090 90091 90088
90531 555 90532 90530
159 90063
90465 90464 90558
90220 90219 90221
303 90171
706 90602
90379 90381 90378 434
207 90100
90237 357 90236 90238
90270 228 90269 90271 231
90339 90335 90340 90347
90175 90176 90174
90373 90372 90383 90374
543 90511
90446 90538 90445
90033 90032 90065
90242 90240 90243
90029 90028 90030
90001 90018 1400 90002
449 90396
90126 90153 313 90125
90436 90437 90435
90490 519 524 90491 90489
90387 442 90386 90388
424 90369
90167 90166 90168
333 90317
90567 607 90566 90568
90197 90176 90196
90588 90587 90589
90225 369 90199 90226 372
446 90391
701 90608
387 90209
628 90592
227 90073
90536 90539 90535 90542
90257 90256 90258
381 90206
286 90184
90609 90610 90595
90138 90140 90137 322
119 90025
90618 90610 90620
90017 102 90016 103
90250 90251 90249
225 90072
90471 90472 90470 506
526 90491
90405 90404 90403
90625 90623 801 90626
90163 90164 90162 90169
90044 90094 90043
235 90268
90094 90093 90044
90328 90327 90329
513 90485
90227 90228 90226 365
90520 90408
106 90008
556 90533
90309 90310 348 90308
90586 90587 90585 625
90632 90633 90630 90631
90455 90452 90484 90456
90019 90018 90020
297 90189
378 90205
205 90103
90026 121 90025 90027
90349 90350 408 90348
421 90371
90576 90578 90577 90575
400 90361
90530 90526 554 90531
299 90192
90277 90278 90276
356 90238
90049 90050 1401
90013 90012 90014 104
90362 401 90361
90511 90512 543 90510
90440 90441 90439
90325 90324 90150
90515 90516 90514
90004 90003 111 90005
90077 90076 219 90078
22 90072
90240 90241 90242 90239
90357 90356 90168
90132 90131 90134
373 90202
90264 239 90247 90265
90539 90540 90536 560
90316 90317 338 90315
541 90508
90195 90196 90178
90480 90481 90479
90147 90146 90148
528 90499
90404 90405 90406 90396
557 90532
90483 90482 501
90450 90332 90451
90024 90023 90025 118
239 90264
90525 550 90526 90523
90058 90057 90059
90223 90224 90221
90278 90279 90277
90613 90612 90614
90340 412 90341 90339
90291 90292 90314 90285
90160 90161 306 90159
542 90510
527 90503
90281 90282 90280
90307 90302 90308 347
90460 90466 90463 90459
90591 90592 90590 626
90627 803 802 90626
384 90208
90109 90108 90117
90344 414 90346
90403 90402 90405
90082 90081 90087
90062 162 90061 90063
436 90381
214 90079
90135 90136 90224 90130
90055 90057 90054
90267 90266 90268 234
90180 284 90181 90174
509 90467
90119 90120 90118
90272 90271 90273
90312 350 90311 351
90215 90214 398
618 90580
441 90410
90313 90262 90300
90412 90411 90413 445 453
90447 90448 90427
90598 90599 704 90600
533 90509
90631 90632 809
90046 90047 90045
396 90219
458 90427
90370 426 90369 90371 419
415 90365
245 90253
218 90076
90475 504 90476 503 90474
290 90191
90034 90028 90045
90453 90454 90452
448 90394
468 90435
90342 90343 90341 90345
90009 90010 90008
90538 90537 90446
90233 90234 360 90232
90096 90095 90097
90236 90237 90235
202 90106
90318 90317 336 90319
90172 90170 300
90054 90055 90053
90131 90130 90133 90132
413 90364
90561 90563 90562 90555
90068 90067 90069
351 90312
90245 90244 90246
90203 375 376 90204
90526 90525 90530 90527
465 90431
90317 90318 90316 333
605 90572
90170 90172 90169 90171
90548 90543 90454
90217 90216 392 90218
90216 90217 90212 390 399a
90254 246 90255 90253
90232 362 90233 90231
90302 90307 90303 90301
90027 90028 120 90026
90393 90394 437 90392
90206 380 381 90205 90207
164 90063
90164 90163 90165 90166
417 90368
318 90129
90041 90040 90085
90293 90292 90294 342
90454 90453 90548
90506 90505 540 90507
90221 90222 90223 90220
90574 90573 602
90299 90298 90300
90519 90522 90518
305 90162
430 90377
346 90298
399 90214
469 90437
90091 210 90092 90089
90006 90005 108 90007
90494 90376 90493
550 90525
538 90504
90201 90202 90198 374
375 90203
405 90348
90562 90561 609
319 90140
355 90239
90521 90513
90226 90225 367 90227 370
534 90502
90052 90051 90053
311 90153
90368 90367 417 90369 422
90495 90496 90493
90435 90432 90436 468
90582 90581 90583 621
90392 447 90393 90391
90074 229 90073
90382 90381 438 90386 429
90035 90036 123 90028 122
90528 90527 552 90529
90388 90387 90391 433 444
503 90475
810 90633
522 90489
90372 423 90377 90371 90373
90472 90473 90471
402 90355
90428 461 90426 90429
90395 90394 439 90396
90608 703 90607 701
337 90314
365 90227
433 90388
90045 90046 90034
90334 90333 90335
90256 90257 90255
224 90073
90439 90246 90440
90356 90357 90358 90355
90377 90378 90372 430
90209 386 90210 387 90208
296 90188
90568 90567 606 90569
90383 90373 90148
357 90237
90114 90015 90115
90198 90196 90201 90199
440 90386
516 90485
90194 90193
321 90143
208 210
118 90024
206 90101
90612 90616 90613 90611
607 90567
426 90370
90061 90060 160 90062
90361 90355 90362 400
90616 90612 90615
228 90270
90030 90031 90029
418 90366
90315 335 90314 90316
90512 90511 535 90513
90523 90524 90522 90525
395 90213
530 90500
90060 90061 90059 158
90146 90145 90147
525 90501
368 90228
121 90026
613 90551
90184 289 90183 90185 286
90111 201 90110
90188 90189 296 90187
90158 90159 90157
90322 90323 90321
393 90212
103 90017
90589 90588 90497
90021 117 90022 90020
90296 344 339 90297 90295
232 90268
90558 90465 90557
423 90372
90350 90349 90351
398 90215
90348 90349 405 90347
90285 90286 90284 90291
90144 90145 90149 323 90143
90482 500 90483 90476
90557 90556 90558
90025 90024 90026 119
90165 90164 90117
510 90466
409 90341
90124 90120 90127 90125
622 90584
90283 90284 90282
90104 90103 90105
90280 90281 90247
211 90090
90365 415 90364 90366
410 90347
90410 90411 90409 451 441
90505 90504 529 90506
90073 224 90074 90072 227
90150 327 90151 90149 90325
535 90512
90173 90145 90069
394 90218
90292 90293 90291 340
90088 212 90087 90089
562 90540 90541
90451 90450 90452
443 90411
123 90035
90012 107 90013 90011
90345 90329 90346 90342
452 90411
90255 90254 90256
90555 90561 90554 611
107 90012
238 90248
90011 90012 90010
705 90599
329 90321
358 90235
90360 90478 90359
626 90591
90550 615 90549 90551
422 90368
216 90078
90262 90261 90313
800 801
407 90347
90016 90017 90015
90587 90586 90588 90590
383 90207
307 90161
327 90150
360 90233
350 90312
90143 90144 321 90142
90549 90545 616 90550
90083 90086 90084
90477 90479 90478 90476
90470 90471 90469 505
90177 90174 90178
90258 90257 90259
90050 90049 90051
90473 90472 90474
90123 90333 90122
310 90155
609 90565 90562
317 90136
90207 90206 383 90208 382
90105 90106 90104 204
90552 614 90553 90551
90524 90423 90523
90486 90485 518 90487
90084 90083 90085 90087
90321 329 90322 90320 332
90218 90219 394 399b 90217
90566 90567 90564 608
328 90151 90149
334 90320
90402 90286 90403
348 90309
90411 90410 90412 443 452
90336 90337 90335
411 90363
450 90409
90481 90578 90480
104 90013
508 90469
312 90153
90228 90229 368 90227
90324 90323 90325
372 90225
90331 90330 90332
213 90080
113 90003
90510 90509 90511 542
90338 90461 90337
532 90501
90081 90082 90080
90545 90579 90544 90549
90279 90278
502 90476
90359 90358 90360
347 90307
220 90075
90314 337 90315 90291
90496 90495 90497
90099 90098 90100
90579 90580 90545
90211 391 90212 90210
90452 90453 90455 90451
460 90449
90039 90040 90018
324 90141
219 90077
90583 620 90582 90584
529 90505
90301 90302 90300
90585 623 624 90586 90584
805 90629
90032 90033 90031
338 90316
551 90527
90489 90488 517 522 90490
90145 90173 90146 90144
707 90600
215 90079
90507 90506 531 90508
90351 90350 90352
90422 90421 90423
90469 90470 90468 508
619 90581
90409 90396 450 90410
406 90353
90189 297 90190 90188
90584 90583 90585 622
90141 90142 90140 324
537 90517
161 90064 90063
90551 613 90552 90550
90593 90594 90560
521 90491
90384 90385 90311 90310
90488 90489 515 90487
90500 530 90501 90499
90284 90283 90285
90072 90071 225 90073 22
90286 90285 90402
90326 90133 90327
90517 547 537 90518 90516
90087 90088 90082 90084
90474 90473 90475
90311 90384 90312
620 90583
90192 90193 292 299 90191
90251 242 90250 241 90252
511 90458
367 90226
552 90528
90564 90563 90566 90565
90408 90520 90407
545 90514
90076 90075 218 90077
370 90226
90529 553 90528
90343 414 90342
404 90354
90069 90173 90068
204 90105
339 90296
553 90529
90425 90419 90426
90571 90572 604 90570
90182 90181 287 90183
90358 90359 90356
90335 90336 90334 90339
90492 90491 90498 90493
90546 90544 90547
90222 90221
506 90471
345 90297
90596 90604 90606 90595
90181 90182 90180
807 90630
90522 90523 90519
115 90020
504 90475
242 90251
90097 90096 90118
90155 90153 310 90156
454 90413
90374 90375 90373
110 90005
231 90270
90575 90576 90573
90449 90448 459 460
90117 90165 90109
520 90487
90442 90438
501 90483
386 90209
700 90605
90624 90623
1401 90049 90047
90456 514 90458 90455
90103 90102 90104 205
90003 113 90002 90004 112
90148 90147 90383
90547 90615 90546
611 90555
90580 90581 90579 618 617
90057 90174 90058 90055
90107 90106 90110 90108
90369 424 90368 90370
806 90630
621 90582
90533 90532 556 90534
90153 312 90155 90126 311
90431 90430 90432 465
90085 90084 90041
90570 90571 90569
90441 90438 90443 90440
90190 90189 298 90191
90022 90023 90021
120 90027
90269 230 233 90270 90268
90418 90419 90417
90040 90039 90041
105 90014
419 90370
352 90288
90059 90060 90058
90064 161
412 90340
414 90344 90343
90112 90116 90108
90487 90488 520 90486
399a 90216
243 90253
90244 90243 90245
90337 90336 90338
90493 90495 90492 90494
90079 90080 214 215 90078
233 90269
90378 425 432 90379 90377
217 90078
284 90180
802 90627
117 90021
377 90204
289 90184
90610 90618 90609
90394 90393 448 90395
512 90459
90611 90612 90600 90601
90595 90594 90609 90596
90445 90446 90444
90462 90463 90461
90594 90593 90595
90355 90354 90361 90356 402
90306 90416 90305
90224 90135 90223
90498 90499 90492 523
90329 90328 90345 90330
90513 544 90514 90521 90512
335 90315
90129 90128 318 90130
608 90566
90607 90608 90606
90478 90477 90360
389 90210
90406 90404 90407
558 90534
439 90395
90443 90441 90444
416 90363
332 90321
90514 90515 545 90513
125 90036
90053 90054 90052
90504 90505 90503 538
90578 90576 90481
90516 90515 546 90517
90535 559 90534 90536
349 90310
90432 467 90435 90431
90553 90556 90554 90552
90630 90629 806 807 90632
90327 90328 90326
90161 90162 307 90160
331 90319
90364 90365 90363 413
343 90295
293 90187 90186
90559 90560 90556
90592 90591 628
604 90571
316 90127
90093 90092 90095 90094
90629 805 90628 90630
124 90037
90247 90280 90264 90248
90275 90276 90263
90149 90144 328 90150 325
90121 90120 90122
201 90111
90185 90184 90186
90407 90408 90406
298 90190
392 90217
90444 90445 90443
308 90157
90602 706 90603
241 90251
90253 90254 245 90252 243
90186 293 90185
