1010
165 -0,49 3,519 75,85 True
90660 -0,49 3,519 67,35 False
90659 -3,99 3,519 67,35 False
90658 -3,99 3,519 63,85 False
90657 0,1 3,519 63,85 False
167 0,1 3,519 65,07 True
90656 2,6 3,519 63,85 False
171 -2,4 3,519 54,85 True
90655 2,6 3,519 54,85 False
90654 2,6 3,519 41,34522 False
560 100,6176 20,53658 51,45586 True
90216 6,342843 11,90883 59,98621 False
401 -33,87511 16,23488 35,59685 True
90315 71,37612 11,93835 13,83412 False
90642 121,5987 16,28882 54,79626 False
90089 -6,483204 7,599109 13,49078 False
545 83,57642 20,53658 10,67522 True
90279 118,0922 9,489805 10,17937 False
112 -23,83865 3,257649 10,57161 True
90460 -15,41834 20,57589 13,48185 False
90540 103,7693 20,53658 54,32095 False
90363 5,67324 16,23488 13,65395 False
90422 105,7322 17,08015 19,40611 False
90049 46,19685 5,142729 46,69727 False
90582 12,28057 24,91691 13,35049 False
90331 -0,5670052 16,23488 17,11854 False
90316 70,6547 11,93835 13,83416 False
90556 -15,38809 24,91691 16,5825 False
161 22,97089 3,226824 71,1328 True
241 88,12039 7,59695 15,75725 True
90588 35,9525 24,91691 9,470531 False
90510 70,63844 20,53658 13,48166 False
220 33,56937 7,599109 10,27068 True
90608 -15,45982 29,25792 10,32647 False
474 121,5983 16,28882 58,19175 True
90235 107,5083 11,93835 52,56244 False
611 -19,9504 24,91691 16,49954 True
606 -33,8633 24,91691 10,13429 True
90635 -4,028663 31,42386 19,15924 False
403 -33,16976 16,23488 27,36189 True
90062 43,09707 3,226824 71,13282 False
90229 83,64282 11,90883 71,20575 False
319 25,04432 11,91031 15,59129 True
90225 57,00481 11,90883 71,20578 False
90388 63,5443 16,18882 13,65386 False
308 -34,06586 11,91031 10,85905 True
90207 23,25843 11,90883 71,20573 False
90214 -0,27912 11,90883 71,20568 False
90356 -34,07943 16,23488 31,38837 False
210 -14,73829 7,599109 8,9 True
348 115,7597 11,93835 14,88059 True
90438 123,6266 16,18882 50,85503 False
90426 123,0284 16,18882 18,34077 False
90095 -17,07525 7,599109 15,87561 False
90320 63,14944 11,93835 13,83421 False
525 45,40477 20,57589 18,32555 True
90509 67,69141 20,53658 13,48168 False
90342 -3,124355 16,23488 13,65401 False
90632 -2,758053 33,59891 15,81537 False
90233 100,2324 11,90883 71,20572 False
399a -0,03328896 11,90883 59,9862 True
316 -10,66613 11,91031 10,04087 True
90312 131,1856 11,93835 17,90105 False
90112 -33,80557 7,599109 29,88974 False
90374 35,14168 16,23488 9,494506 False
90579 1,902658 24,91691 13,3505 False
90012 -35,68324 3,257649 24,93441 False
364 90,48028 11,90883 67,93845 True
90604 -20,09253 29,25792 13,56004 False
90237 114,2951 11,93835 51,95999 False
326 29,86175 11,91031 10,33754 True
90186 19,16335 7,567828 71,41422 False
317 5,391411 11,91031 15,74624 True
322 15,91059 11,91031 10,71244 True
90545 -2,257048 24,91691 13,3505 False
90103 -35,11193 7,599109 22,42811 False
90421 107,2817 16,18882 19,40613 False
90524 102,3461 20,53658 19,406 False
563 107,2028 20,53658 58,78451 True
554 116,2928 20,53658 23,99111 True
442 59,66785 16,18882 10,9964 True
90605 -20,09252 29,25792 17,08265 False
118 24,82104 3,257649 10,01862 True
90624 -17,06074 33,59891 16,63814 False
90030 35,61878 3,257649 10,59267 False
90328 -4,018452 16,23488 16,48351 False
90515 84,48682 20,53659 13,48137 False
90149 38,99715 11,91031 13,3861 False
213 5,905323 7,599108 16,0718 True
90310 124,4509 11,93835 18,33664 False
90045 36,28106 3,919259 21,36781 False
552 125,0468 20,53658 13,77492 True
407 -19,87076 16,23488 16,16596 True
90447 131,2347 16,18882 18,34058 False
90470 -33,31886 20,57589 13,48171 False
340 79,21329 11,93835 11,51425 True
90280 79,32913 7,589506 18,99377 False
313 -20,05983 11,91031 15,59005 True
90155 -30,64787 11,91031 13,38614 False
527 52,06017 20,57589 17,35003 True
620 16,02952 24,91691 10,41495 True
90648 17,32412 4,019259 53,18995 False
90159 -35,08022 11,91031 23,87489 False
90003 -23,83865 3,257649 13,33204 False
90453 -0,6021719 20,57589 16,51874 False
90554 -19,35514 24,9169 13,35048 False
807 -6,5543 33,59891 13,30917 True
90436 123,028 16,18882 47,35686 False
90558 -13,70612 22,66487 19,0813 False
90546 -0,6029325 24,91691 16,37279 False
90532 120,6446 20,53659 28,61486 False
90192 2,260134 7,567828 53,11044 False
90130 -2,218737 11,91031 13,38614 False
90029 36,28106 3,257649 10,59268 False
90469 -30,66769 20,57589 13,48175 False
214 13,02662 7,599109 10,26365 True
90465 -17,04605 22,66487 19,0813 False
90609 -17,0878 29,25792 16,63821 False
90283 78,07082 9,645678 21,44495 False
242 88,12039 7,59695 10,61908 True
90273 56,46147 7,589506 12,80379 False
90140 25,04432 11,91031 13,38612 False
90111 -35,87581 7,599108 35,5073 False
90652 7,449191 3,326824 44,9983 False
90408 78,09303 18,15727 21,65892 False
315 -6,900021 11,91031 16,2789 True
90190 2,260134 7,567828 59,19991 False
533 67,69154 20,53658 15,99507 True
90549 -3,226408 24,91691 13,3505 False
90458 -6,710585 20,57589 13,48183 False
90490 29,4649 20,57589 13,48186 False
90633 -2,758041 33,59891 13,03 False
219 26,07789 7,599108 16,28374 True
90541 103,7692 20,53658 58,78441 False
472 114,6532 16,28881 55,50051 True
90157 -34,06586 11,91031 13,38613 False
397 -0,27912 11,90883 75,15705 True
90261 105,5616 8,879994 19,09318 False
90506 63,28474 20,53658 13,48191 False
90146 35,20128 11,91031 9,643733 False
90053 51,61713 3,919259 54,75822 False
90580 5,317589 24,91691 13,35049 False
160 46,34619 3,226824 74,61362 True
90138 15,91059 11,91031 13,38613 False
90628 -10,9471 33,59891 15,81541 False
90254 99,42332 7,589506 13,23848 False
90322 56,36729 11,93835 13,83417 False
412 -10,18988 16,23488 10,47445 True
90165 -34,04645 11,91031 30,048 False
559 123,5683 20,53659 35,91795 True
108 -30,67253 3,257649 10,62488 True
90419 108,4181 16,18882 18,34086 False
90526 120,6448 20,53658 18,3005 False
90185 23,02981 7,567828 71,41423 False
90620 -13,77987 33,59891 16,63817 False
90387 59,66797 16,18882 13,6538 False
90507 64,1909 20,53658 13,48181 False
90202 39,7569 11,90883 71,20577 False
90479 -34,02171 20,57589 32,5882 False
90572 -35,76634 24,91691 25,34862 False
433 63,54452 16,18882 15,88032 True
90301 102,3574 11,93835 16,92799 False
517 26,29563 20,57589 16,30939 True
90333 -13,78373 14,23807 18,92995 False
90437 123,6268 16,18882 47,35692 False
90035 39,39253 3,257649 13,332 False
90330 -0,5670075 16,23488 16,48345 False
90224 1,812713 11,90883 41,87392 False
90017 -35,92912 3,257649 35,3233 False
90543 -4,015462 24,91691 16,3728 False
349 124,4505 11,93835 14,74637 True
321 30,35179 11,91031 15,70831 True
314 -18,80099 11,91031 10,08814 True
90432 123,028 16,18882 38,60905 False
90367 19,87548 16,23488 13,65395 False
158 63,20874 3,226824 71,13283 True
90257 102,3844 7,589506 16,84084 False
90459 -10,36789 20,57589 13,48182 False
90091 -14,73829 7,599108 13,49078 False
90090 -6,483204 7,599109 17,10555 False
504 -37,89338 20,57589 27,35635 True
90295 87,6398 11,93835 13,8342 False
360 100,2324 11,90883 67,80309 True
90364 9,104012 16,23488 13,65396 False
508 -30,6677 20,57589 9,988359 True
90348 -23,5382 16,23488 13,65409 False
90015 -35,68324 3,257649 32,27969 False
90204 33,20856 11,90883 71,20576 False
90559 -17,07692 24,91691 16,58249 False
392 9,681546 11,90883 56,6027 True
90584 22,68482 24,91691 13,35048 False
90044 -13,74742 5,265707 18,95944 False
229 49,89917 7,599109 16,10472 True
521 32,62606 20,57589 16,09912 True
399 -0,2791195 11,90883 67,28197 True
90311 131,1858 11,93835 18,33664 False
387 16,20692 11,90883 75,25084 True
511 -6,710599 20,57589 17,00198 True
90534 120,6433 20,53658 35,05355 False
357 114,2951 11,93835 55,0047 True
90293 83,48119 11,93835 13,83412 False
90489 26,29563 20,57589 13,48186 False
90495 35,1714 20,57588 9,547213 False
461 126,9886 16,18882 22,59871 True
90047 36,28106 5,14273 31,8163 False
369 57,00481 11,90883 74,5457 True
1400 -9,079651 3,257649 9,175639 True
90297 95,30704 11,93835 13,83428 False
363 83,64282 11,90883 74,59133 True
90252 91,91993 7,59695 13,23845 False
90001 -9,079651 3,257649 13,33205 False
90260 107,579 7,589506 19,09326 False
90243 124,2536 11,93835 50,88403 False
398 -3,484718 11,90883 75,04272 True
628 48,03864 24,91691 9,648972 True
90294 84,49016 11,93835 13,83416 False
330 56,36739 11,93835 11,55881 True
90472 -35,04082 20,57589 13,48173 False
343 87,6398 11,93835 11,5293 True
90255 99,42312 7,589506 17,93947 False
90223 2,456323 11,90883 41,87393 False
549 95,27386 20,53658 10,73741 True
90314 74,93679 11,93835 13,83413 False
90191 2,260134 7,567829 57,26758 False
90167 -32,01668 13,86688 32,14204 False
90539 103,7694 20,53659 51,45633 False
90474 -35,76765 20,57589 22,597 False
90631 2,174852 33,59891 15,81536 False
90378 42,20309 16,23488 13,65395 False
615 -6,674112 24,91691 16,73229 True
90127 -10,66613 11,91031 13,38616 False
422 23,14441 16,23488 11,32829 True
233 64,03601 7,589506 15,53752 True
90430 123,0276 16,18882 29,52527 False
90196 51,61713 11,90883 66,01014 False
90309 115,7597 11,93835 18,33664 False
90119 -13,74742 11,91031 15,91492 False
90226 63,41959 11,90883 71,20577 False
701 -18,82591 29,25792 10,32641 True
90025 25,94649 3,257649 13,33202 False
379 29,89781 11,90883 75,28035 True
90230 90,48029 11,90883 71,20574 False
337 74,93652 11,93835 15,72152 True
290 5,589507 7,567828 57,26757 True
284 70,22663 7,567828 70,68156 True
90087 -2,269274 7,599108 13,49079 False
90101 -33,96136 7,599109 13,49075 False
90244 129,1337 11,93835 50,8839 False
303 -34,707 11,9095 34,51737 True
380 26,63857 11,90883 67,35281 True
90416 102,3583 16,18882 19,41734 False
90156 -33,16222 11,91031 13,38614 False
90336 -17,15402 16,23488 16,34228 False
350 131,1856 11,93835 14,60038 True
90561 -23,71794 24,91691 13,35048 False
449 79,11022 16,18882 10,92659 True
90591 38,95424 24,9169 13,35048 False
447 70,41576 16,18882 11,0204 True
413 9,104008 16,23488 15,96945 True
90494 36,94859 20,57589 9,547213 False
90329 -2,272444 16,23488 16,48351 False
90565 -29,40476 24,91691 16,34461 False
90476 -35,76765 20,57589 31,32906 False
90117 -31,94856 9,654874 30,048 False
200 -38,52217 7,599109 34,83175 True
90241 122,8795 11,93835 34,41866 False
90341 -6,627296 16,23488 13,65409 False
243 95,91987 7,589506 16,1942 True
90456 -3,16494 20,57589 13,48186 False
90411 91,45249 16,18882 13,65386 False
90148 37,04752 13,82649 7,345324 False
808 0,4324346 33,59892 13,02999 True
510 -19,62038 20,57589 9,366117 True
375 36,68085 11,90883 75,1974 True
90372 35,98944 16,23488 13,65395 False
105 -33,66113 3,257649 27,19915 True
438 52,03686 16,23488 10,85494 True
90177 53,75748 7,567828 66,01014 False
90533 120,6441 20,53658 29,99854 False
502 -38,18772 20,57589 31,32906 True
90355 -35,57923 16,23488 31,38834 False
90412 95,14796 16,18882 13,65386 False
90188 2,260134 7,567828 71,4142 False
90212 6,342843 11,90883 71,2057 False
90126 -20,05984 11,91031 13,38615 False
90313 103,1301 10,64 19,09317 False
90551 -9,588789 24,91691 13,35049 False
90428 123,0279 16,18882 22,59852 False
90115 -32,30695 5,260329 32,27967 False
547 91,60468 20,53658 10,70422 True
90646 134,7863 16,28882 58,01012 False
226 56,46136 7,589506 10,02053 True
90531 120,6446 20,53658 25,1208 False
90080 5,905323 7,599109 13,49081 False
351 134,3463 11,93835 17,90084 True
90031 35,61877 3,257649 9,341969 False
538 56,52281 20,53658 10,48922 True
90205 29,89781 11,90883 71,20575 False
90450 -4,015461 18,52812 19,10893 False
393 6,342843 11,90883 75,10934 True
298 -0,3424168 7,567828 59,19991 True
459 131,7598 16,18882 13,78137 True
90553 -15,38809 24,91691 13,35049 False
624 32,16198 24,91691 9,974052 True
90498 38,76131 20,57589 13,48185 False
90603 1,769992 29,25792 17,193 False
90563 -27,00356 24,91691 13,35048 False
524 29,4649 20,57589 10,95445 True
159 36,27578 3,226824 67,64721 True
90203 36,68085 11,90883 71,20576 False
90443 129,2635 16,18882 50,76494 False
90354 -35,57937 16,23488 27,36201 False
90519 99,01044 20,53658 13,4814 False
221 33,56937 7,599108 16,42402 True
90278 118,0926 7,589506 12,73808 False
376 36,68085 11,90883 67,19777 True
355 121,4735 11,93835 55,04295 True
0400 1,946322 16,33488 23,26873 True
90414 98,97456 16,18882 18,23703 False
111 -26,76327 3,257649 16,34393 True
90158 -35,08022 11,91031 13,38613 False
809 2,174853 33,59891 23,04786 True
90008 -34,03459 3,257649 13,33202 False
700 -26,03465 29,25792 17,08267 True
90264 75,19648 7,589506 13,2386 False
90502 48,42789 20,57589 13,48184 False
90440 124,2536 16,18882 52,30243 False
416 5,67324 16,23488 10,84098 True
546 87,75458 20,53659 10,82985 True
90092 -15,14258 7,599109 13,49077 False
90077 26,07789 7,599109 13,49083 False
90150 45,27737 11,91031 13,3861 False
90581 8,784079 24,9169 13,35049 False
90258 107,5796 7,589506 16,84081 False
391 9,657487 11,90883 75,17877 True
90034 36,28106 3,257649 19,17059 False
445 95,14728 16,18882 16,17322 True
0600 1,902659 25,01691 23,30906 True
212 -3 7,599109 10,05182 True
90153 -23,70966 11,91031 13,38615 False
470 101,176 16,28882 51,91286 True
90488 23,16999 20,57589 13,48187 False
90444 129,2633 16,18882 52,14467 False
302 -38,08603 11,91031 34,42615 True
90394 74,2647 16,18882 13,65386 False
90105 -35,87581 7,599109 24,74966 False
90013 -35,68324 3,257649 26,32613 False
90335 -15,44953 16,23488 16,34224 False
90266 71,60127 7,589506 13,2387 False
90484 2,117668 20,57589 13,48188 False
534 48,42789 20,57589 10,52818 True
342 83,48129 11,93835 11,45579 True
104 -37,92117 3,257649 26,32612 True
622 22,68482 24,91691 10,10432 True
90340 -10,18986 16,23488 13,65424 False
90407 80,11549 18,15727 21,65893 False
90538 124,2817 20,53658 52,26381 False
90308 108,4217 11,93835 18,33664 False
90104 -35,11193 7,599108 24,74966 False
90517 91,60501 20,53658 13,48141 False
334 63,14947 11,93835 11,55175 True
90086 -0,5443029 9,660252 19,01021 False
90302 107,6024 11,93835 16,92802 False
110 -27,24373 3,257649 10,65303 True
90081 2,263 7,599109 13,4908 False
90403 78,08749 13,94081 21,77014 False
304 -38,07757 11,91031 26,45732 True
90471 -34,09742 20,57588 13,48174 False
90511 74,361 20,53658 13,48156 False
90439 125,8544 14,508 52,22926 False
90259 107,5795 7,589506 17,86992 False
372 57,00481 11,90883 68,33758 True
90232 97,03279 11,90883 71,20573 False
90082 -0,5443029 7,599109 13,4908 False
90445 127,3194 17,32539 52,14468 False
90516 87,75557 20,53659 13,4814 False
90560 -17,07692 26,96662 19,05821 False
557 124,871 20,53658 28,61505 True
90627 -14,55456 33,59891 13,30611 False
0200 2,262995 7,699109 23,09402 True
90164 -34,04645 11,91031 30,81849 False
544 79,27522 20,53659 10,80474 True
90618 -13,77987 31,31691 18,92544 False
90508 67,05563 20,53659 13,48173 False
312 -23,70966 11,91031 10,64639 True
90098 -19,9055 7,599109 13,49076 False
90246 127,179 13,1107 52,22942 False
90050 51,61712 5,14273 46,69727 False
327 45,27737 11,91031 15,66455 True
90332 -0,5670042 18,27336 19,10904 False
90179 51,6347 9,38835 63,71953 False
90569 -34,98102 24,91691 13,35047 False
90141 25,74175 11,91031 13,38612 False
90326 -0,6734638 13,9654 18,97374 False
90276 119,5979 7,589506 14,85592 False
430 38,90102 16,23488 11,3135 True
411 5,673234 16,23488 16,01056 True
90441 124,254 16,18882 50,76489 False
103 -34,13266 3,257649 35,32328 True
90625 -15,42115 33,59891 15,81542 False
454 98,97456 16,18882 10,84829 True
90327 -4,018452 14,27866 18,97365 False
90325 52,61864 11,91 13,3861 False
90576 -33,95756 24,91691 31,29884 False
90317 67,73358 11,93835 13,8342 False
463 127,0251 16,18882 25,90592 True
90337 -17,15405 16,23488 17,03883 False
90051 51,61712 5,14273 51,71658 False
90058 49,4416 7,567828 63,2 False
408 -30,48899 16,23488 9,25 True
170 9,297407 3,326824 50,83636 True
90573 -35,76634 24,91691 27,26653 False
613 -9,588789 24,91691 16,79506 True
626 38,95425 24,91691 9,859831 True
90464 -17,04605 20,57589 16,77344 False
706 -0,9602518 29,25792 22,21039 True
90607 -14,68645 29,25792 10,32654 False
289 39,73714 7,567829 75,27412 True
551 122,0333 20,53658 13,85113 True
124 47,77988 3,257649 13,02218 True
515 23,16999 20,57589 16,41425 True
90386 55,99187 16,18882 13,65379 False
90382 52,03716 16,23488 13,65395 False
90596 -15,36372 29,25792 13,55997 False
90406 80,1155 16,18882 19,56958 False
388 13,10703 11,90883 67,09958 True
383 23,25843 11,90883 75,29347 True
90299 99,44881 11,93835 18,262 False
90639 118,3105 16,28882 51,91286 False
90131 -2,218737 11,91031 16,19555 False
90065 37,85449 7,599109 9,600739 False
90027 32,90754 3,257649 13,33201 False
90005 -27,24373 3,257649 13,33203 False
90636 -4,007566 33,69891 15,81537 False
90076 26,70452 7,599109 13,49083 False
90552 -10,27137 24,9169 13,35049 False
90578 -33,95756 24,9169 30,03028 False
90124 -15,56849 11,91031 13,38616 False
90480 -32,12119 22,52233 32,58819 False
115 5,581841 3,257649 16,08643 True
90606 -14,68642 29,25792 13,56004 False
390 9,575898 11,90883 59,9862 True
90477 -34,02171 20,57589 31,32906 False
90285 78,9022 11,93835 19,77067 False
541 67,05568 20,53658 10,43985 True
345 95,3063 11,93835 11,66974 True
90449 131,7599 16,18882 17,86574 False
436 48,40702 16,23488 11,00583 True
90109 -31,94856 9,654874 32,34431 False
90638 113,3189 7,689506 14,345 False
543 74,36067 20,53658 10,63999 True
90597 -10,08585 29,25792 13,55996 False
558 116,0445 20,53658 35,05344 True
514 -3,164955 20,57588 9,809191 True
539 95,27386 20,53658 16,38031 True
90404 79,10986 16,18882 19,56959 False
90059 49,4416 3,226824 66,62059 False
90286 79,95915 11,93835 19,77071 False
90128 -6,9 11,91031 13,38615 False
90629 -8,843874 33,59891 15,81537 False
247 110,0025 7,689506 14,345 True
90189 2,260134 7,567828 66,00397 False
90178 53,75748 9,38835 63,71954 False
90298 99,44878 11,93835 13,83422 False
382 23,25843 11,90883 67,24702 True
90290 122,8795 11,93835 25,24918 False
90208 19,71712 11,90883 71,20573 False
434 45,40563 16,23488 11,0222 True
236 74,7163 7,589506 10,67712 True
400 -37,97101 16,23488 35,14209 True
90612 -2,178009 29,25792 16,45916 False
90083 -0,5443029 7,599109 16,37207 False
90052 51,61712 3,919259 53,18996 False
90358 -34,07943 16,23488 32,59913 False
90505 60,34983 20,53658 13,4819 False
607 -33,40846 24,91691 17,23806 True
532 45,40477 20,57589 10,45234 True
90514 83,57667 20,53658 13,48138 False
311 -23,70966 11,91031 15,77544 True
90360 -32,09734 18,13082 30,15636 False
90454 -0,6021743 22,66487 19,24964 False
207 -30,1953 7,599109 16,22132 True
90219 6,342841 11,90883 49,45668 False
324 25,74175 11,91031 10,36093 True
90197 49,46719 11,90883 66,01013 False
90349 -30,48896 16,23488 13,65401 False
556 116,1505 20,53659 29,99853 True
239 75,19631 7,589506 15,63914 True
90542 121,5993 20,53659 51,45633 False
555 125,0227 20,53658 25,12077 True
90250 84,94236 7,59695 13,23848 False
90481 -32,12119 22,52233 30,03028 False
90593 -13,77987 26,96662 19,05821 False
90423 104,0166 18,808 19,40608 False
223 37,02332 7,599109 16,44047 True
90256 102,3854 7,589506 17,93953 False
415 12,8158 16,23488 16,10406 True
468 126,4643 16,18882 41,67593 True
512 -10,36789 20,57589 9,434366 True
90211 9,657487 11,90883 71,2057 False
627 38,55033 24,91691 17,07745 True
90640 114,6531 16,28882 51,91286 False
90570 -34,98101 24,9169 23,68043 False
90074 49,89917 7,599109 13,49083 False
90384 127,9324 11,93835 18,33663 False
90405 78,09628 16,18882 19,56958 False
240 83,5826 7,59695 10,67921 True
336 66,91409 11,93835 11,56999 True
90161 -35,82305 11,91031 24,864 False
431 59,44057 16,18882 19,02309 True
201 -33,85073 7,599109 35,50729 True
0100 1,971901 3,357649 23,266 True
90107 -35,87581 7,599109 32,34433 False
90598 -6,68825 29,25792 13,55996 False
90123 -17,18007 13,9654 18,93 False
366 83,64282 11,90883 68,00753 True
90353 -35,57951 16,23488 25,25756 False
90475 -35,76765 20,57589 27,35635 False
90022 12,44505 3,257649 13,33202 False
90529 132,2668 20,53659 18,3005 False
90567 -33,40846 24,91691 13,35047 False
90143 30,35179 11,91031 13,38611 False
90169 -35,82305 11,91031 34,42616 False
368 73,52565 11,90883 68,19739 True
90265 74,71674 7,589506 13,23864 False
90288 118,9237 11,93835 34,4186 False
332 60,19343 11,93835 11,71872 True
90396 79,10986 16,18882 13,65386 False
806 -6,554299 33,59891 17,88176 True
90199 53,31742 11,90883 71,20579 False
90100 -30,1953 7,599109 13,49075 False
426 29,5745 16,23488 11,3201 True
90268 67,76378 7,589506 13,23849 False
90391 67,48483 16,18882 13,65386 False
90036 45,37873 3,257649 13,33199 False
162 43,09706 3,226825 74,49028 True
561 100,5876 20,53658 54,32104 True
473 118,3101 16,28881 55,60514 True
506 -34,09748 20,57589 10,44969 True
341 95,3063 11,93835 15,708 True
90275 119,5982 7,589506 17,86994 False
204 -38,26089 7,599109 24,74965 True
232 67,76371 7,589506 10,69599 True
90518 95,27368 20,53658 13,48147 False
90381 48,40684 16,23488 13,65395 False
90595 -15,36372 29,25792 16,63818 False
90375 35,14159 18,07996 7,459444 False
90106 -35,87581 7,599109 26,73221 False
612 -19,35514 24,91691 9,109915 True
614 -10,27137 24,91691 9,625083 True
435 67,4846 16,18882 15,91479 True
224 46,39281 7,599109 10,31594 True
90046 36,28106 3,919258 29,64368 False
90435 123,0276 16,18882 41,67614 False
381 26,63857 11,90883 75,27914 True
444 63,54452 16,18882 10,93737 True
90455 -2,197916 20,57589 13,48188 False
90151 45,27737 11,91031 10,34025 False
208 -24,25391 7,599109 8,899994 True
623 32,16198 24,91691 17,21854 True
467 126,4433 16,18882 38,60918 True
90118 -13,74742 9,8604 18,95943 False
90644 121,5987 16,28882 51,91273 False
227 46,39281 7,599109 16,04212 True
294 5,821383 7,567828 50,08178 True
90649 17,32412 4,019259 45,71304 False
335 71,37576 11,93835 15,81152 True
396 9,546639 11,90883 49,45667 True
90496 35,1714 22,44863 7,438061 False
523 38,76131 20,57588 18,63229 True
90248 79,5844 7,59695 13,23855 False
90061 46,34619 3,226825 71,13283 False
238 79,5845 7,59695 10,67133 True
216 16,62218 7,599109 10,24199 True
389 13,10703 11,90883 75,28262 True
450 83,16489 16,18882 10,75934 True
329 60,19343 11,93835 15,87724 True
90088 -3 7,599109 13,49079 False
90166 -34,04645 11,91031 32,14204 False
90174 51,61713 7,567828 66,01015 False
90171 -34,707 11,91039 35,62739 False
402 -37,91375 16,23488 31,38837 True
443 91,4519 16,18882 16,11393 True
90009 -35,14848 3,257649 13,33201 False
90368 23,14425 16,23488 13,65395 False
503 -34,44413 20,57589 27,35635 True
90530 120,6449 20,53658 23,99109 False
460 134,7536 16,18882 17,8657 True
234 71,04118 7,589506 10,76657 True
550 108,1237 20,53658 13,33307 True
90383 36,99454 16,23488 9,494505 False
90492 35,93478 20,57589 13,48185 False
439 74,58709 16,18882 15,87866 True
90042 -17,092 3,257649 16,11146 False
536 52,06017 20,57589 10,58513 True
421 32,7818 16,23488 16,37224 True
352 115,3015 11,93835 34,41879 True
90270 60,28204 7,589506 13,23838 False
90271 59,13032 7,589506 13,23838 False
800 -19,88242 33,59891 12,16622 True
90318 66,91436 11,93835 13,83426 False
325 38,99715 11,91031 15,69031 True
90483 -35,76764 20,57589 35,62526 False
90267 71,04098 7,589506 13,23858 False
90611 -2,178013 29,25792 13,55994 False
90462 -13,84576 20,57589 16,77342 False
90473 -35,04082 20,57589 22,59701 False
309 -33,16222 11,91031 15,86326 True
377 33,20856 11,90883 75,16956 True
90221 2,456323 11,90883 46,0321 False
707 -3,253765 29,25792 8,289252 True
90482 -35,76764 20,57589 35,069 False
90339 -15,4495 16,23488 13,65422 False
90085 -4,081646 7,599109 16,37205 False
295 2,935214 7,567828 75,25787 True
419 29,5745 16,23488 16,32013 True
90499 39,33054 20,57589 13,48185 False
90198 51,61713 11,90883 71,20579 False
90413 98,97487 16,18882 13,65386 False
90592 48,03865 24,91691 13,35047 False
522 26,29563 20,57589 11,10899 True
90410 87,63965 16,18882 13,65386 False
90218 6,342842 11,90883 52,95287 False
452 91,45189 16,18882 10,84557 True
90277 118,0915 7,589506 14,85583 False
418 16,34696 16,23488 11,08531 True
90020 5,581841 3,257649 13,33203 False
209 -19,9055 7,599108 16,41923 True
90307 108,4214 11,93835 16,92804 False
90028 36,28106 3,257649 13,332 False
90346 1,946318 16,23488 13,65402 False
90094 -13,66274 7,599108 15,87561 False
90651 8,000027 4,019259 43,33421 False
90116 -32,30695 5,260329 29,85147 False
90026 30,15308 3,257649 13,33201 False
610 -27,00356 24,91691 9,89937 True
90108 -33,80557 7,599109 32,34432 False
90463 -15,41834 20,57589 16,77346 False
90168 -32,01668 13,86688 30,01814 False
90323 56,36743 11,93835 13,09861 False
90269 64,03638 7,589506 13,23841 False
530 42,19337 20,57589 10,47191 True
90564 -29,40476 24,91691 13,35048 False
451 87,63953 16,18882 10,82332 True
373 39,7569 11,90883 75,19798 True
437 71,17132 16,18882 15,90599 True
121 30,15308 3,257649 15,97017 True
616 -3,226408 24,91691 9,776898 True
90163 -35,82305 11,91031 30,8185 False
90525 108,1241 20,53658 18,30057 False
113 -23,83864 3,257649 16,44698 True
90568 -33,8633 24,91691 13,35047 False
90220 6,342842 11,90883 46,03212 False
90365 12,81579 16,23488 13,65401 False
90602 1,769992 29,25792 22,21047 False
122 39,39253 3,257649 10,19712 True
90461 -13,84595 18,45633 19,12283 False
423 35,98932 16,23488 16,33614 True
90227 70,24674 11,90883 71,20576 False
211 -9,183859 7,599109 17,10554 True
90319 64,07892 11,93835 13,83419 False
90023 15,95966 3,257649 13,33202 False
90281 80,35126 7,589506 18,99365 False
90369 26,34704 16,23488 13,65395 False
305 -33,16009 11,91031 26,45732 True
90215 -3,484718 11,90883 71,20567 False
90601 1,77 29,25792 13,55996 False
90125 -18,80099 11,91031 13,38616 False
90544 -2,257048 24,91691 16,3728 False
90245 129,1331 11,93835 52,2296 False
320 8,674973 11,91031 10,76744 True
90172 -35,82305 11,91031 37,05362 False
406 -37,9462 16,23488 25,2576 True
90021 8,972873 3,257649 13,33203 False
90503 52,06017 20,57589 13,48183 False
90417 102,3583 16,18882 17,31648 False
301 -34,707 11,91031 37,37669 True
704 -6,68825 29,25792 17,11036 True
90351 -34,99775 16,23488 22,44137 False
90055 51,61713 7,567829 58,281 False
90079 13,02663 7,599109 13,49081 False
90352 -35,57964 16,23488 22,44124 False
90175 49,46719 7,567829 66,01014 False
300 -37,76851 11,91031 37,05361 True
307 -33,38323 11,91031 24,86399 True
90206 26,63857 11,90883 71,20574 False
90446 125,6008 19,16 52,14465 False
222 40,27035 7,599109 10,20306 True
90520 78,09289 20,53658 19,56999 False
90024 24,82104 3,257649 13,33202 False
90385 127,9324 11,93835 25,24918 False
90039 -0,8478975 3,257649 16,43165 False
358 104,0161 11,93835 52,56243 True
90247 79,32926 7,59695 13,23855 False
90075 33,56938 7,599109 13,49084 False
123 39,39253 3,257649 15,8926 True
90527 122,0333 20,53658 18,30051 False
370 63,41958 11,90883 68,1886 True
90263 113,3189 7,589506 17,86999 False
90120 -15,56849 11,91031 15,91492 False
90110 -35,87581 7,599108 34,83176 False
90096 -17,07525 7,599109 16,75162 False
90129 -3,407988 11,91031 13,38615 False
90361 -35,57911 16,23488 35,14224 False
90571 -35,76634 24,9169 23,68042 False
90587 35,9525 24,91691 13,35048 False
90007 -33,26639 3,257649 13,33202 False
505 -33,31876 20,57589 16,65488 True
90060 49,4416 3,226824 71,13284 False
90574 -38,92 24,91691 27,26653 False
501 -34,00098 20,57589 35,62526 True
90251 88,12054 7,59695 13,23853 False
90451 -4,015431 20,57589 16,5188 False
708 6,370445 29,25792 17,19297 True
90376 36,95627 18,07996 7,459438 False
90004 -26,76327 3,257649 13,33203 False
90121 -17,18007 11,91031 15,91492 False
328 38,99715 11,91031 10,34025 True
90239 121,4735 11,93835 51,95998 False
90072 40,27034 7,599108 13,49084 False
90513 79,27494 20,53658 13,48138 False
90282 80,35135 9,645678 21,44482 False
344 91,61972 11,93835 11,71295 True
405 -23,53811 16,23488 16,26172 True
90338 -17,15407 18,27335 19,12293 False
90613 -0,6202412 29,25792 16,45913 False
90583 16,02952 24,91691 13,35049 False
90359 -32,09739 18,13082 32,59893 False
464 127,676 16,18882 29,52534 True
469 126,8764 16,18882 47,3571 True
90069 37,06985 9,127 7,40716 False
90011 -35,68324 3,257649 22,4169 False
90586 35,37 24,91691 13,35048 False
90240 122,8802 11,93835 51,95998 False
90402 79,95885 13,94081 21,77013 False
90366 16,34702 16,23488 13,65395 False
90637 -4,007566 33,69891 16,45913 False
90019 1,971902 3,257649 13,33204 False
553 132,2668 20,53658 13,59694 True
90585 32,16198 24,91691 13,35048 False
609 -26,43409 24,91691 16,34461 True
230 64,03601 7,589506 10,5813 True
90535 120,6434 20,53658 35,91797 False
90093 -15,14258 7,599108 15,87562 False
394 9,62721 11,90883 52,95287 True
509 -20,05284 20,57589 16,37646 True
90142 29,86175 11,91031 13,38611 False
90292 79,21344 11,93835 13,83413 False
90099 -23,76882 7,599108 13,49076 False
90018 -0,8478975 3,257649 13,33204 False
446 67,4846 16,18882 10,91843 True
414 -0,4742756 16,23488 10,87072 True
90195 53,75748 11,90883 66,01013 False
244 91,9203 7,589506 10,33267 True
90504 56,52293 20,53658 13,48184 False
205 -33,42818 7,599109 22,4281 True
106 -34,03459 3,257649 10,57712 True
90343 -3,124344 16,23488 10,87076 False
90066 37,02332 7,599109 9,600733 False
500 -38,46554 20,57589 35,069 True
90122 -17,18007 11,91031 16,91621 False
90594 -13,77987 29,25792 16,63818 False
90487 19,91923 20,57588 13,48187 False
218 26,70452 7,599109 10,40334 True
203 -33,12109 7,599109 26,7322 True
801 -19,88242 33,59891 15,81546 True
107 -33,6066 3,257649 24,9344 True
540 63,28471 20,53658 10,62668 True
90641 107,426 16,28882 51,91286 False
90145 35,8794 11,91031 9,643738 False
90362 -35,57909 16,23488 35,59678 False
90486 16,22096 20,57589 13,48187 False
215 13,02663 7,599109 16,16839 True
362 97,03279 11,90883 67,878 True
333 67,73376 11,93835 15,69207 True
90467 -20,05284 20,57589 13,48176 False
90431 123,0278 16,18882 32,05015 False
296 -0,4401326 7,567828 71,4142 True
802 -14,55455 33,59891 10,09892 True
90183 43,26699 7,567828 71,41425 False
90249 83,58232 7,59695 13,2385 False
90497 36,99203 22,44863 7,438056 False
90616 -4,028663 29,25792 16,45913 False
90187 2,935214 7,567829 71,41421 False
237 71,60087 7,589506 15,55948 True
90577 -33,95756 24,91691 32,6194 False
804 -10,94706 33,59891 17,75311 True
293 13,54059 7,567829 71,41422 True
346 99,44881 11,93835 11,70416 True
245 95,91986 7,589505 10,35689 True
440 55,99152 16,18882 10,83996 True
90300 102,3573 11,93835 19,09317 False
90236 107,5083 11,93835 51,96 False
90523 102,3705 20,53659 18,30051 False
805 -8,843872 33,59891 17,85738 True
90213 3,081532 11,90883 71,20569 False
90182 49,88962 7,567828 71,41425 False
202 -38,42996 7,599108 26,7322 True
90389 55,99152 16,18882 19,02308 False
90500 42,19337 20,57589 13,48184 False
164 36,27578 3,226824 74,37952 True
399b 0,1570044 11,90883 52,95287 True
90442 123,6265 16,18882 51,91286 False
90418 108,4181 16,18882 17,31645 False
90040 -0,8478975 5,265707 19,05173 False
102 -38,22189 3,257649 35,32328 True
619 8,784079 24,91691 16,68274 True
90134 -4,134117 9,874691 18,99396 False
90393 71,17134 16,18882 13,65386 False
602 -38,92 24,91691 29,94892 True
339 91,61972 11,93835 15,8835 True
90321 60,19392 11,93835 13,83414 False
90536 120,6431 20,53658 51,456 False
90379 45,40588 16,23488 13,65395 False
90201 43,28585 11,90883 71,20578 False
231 60,28199 7,589506 15,55361 True
90371 32,78202 16,23488 13,65395 False
90653 9,297408 3,326824 45,85298 False
90555 -19,9504 24,91691 13,35048 False
90284 78,07043 11,93835 19,77067 False
90084 -2,269274 7,599108 16,37206 False
378 29,89781 11,90883 67,38673 True
90427 124,586 16,18882 18,34079 False
90180 51,61713 7,567828 70,68157 False
90357 -34,07943 16,23488 30,09348 False
90067 36,21682 7,599109 9,600728 False
90350 -34,99765 16,23488 13,65397 False
90334 -13,78369 16,23488 16,34232 False
286 39,73714 7,567828 67,8829 True
90176 49,46719 9,38835 63,71954 False
90466 -19,62033 20,57589 13,4818 False
425 42,20287 16,23488 16,42323 True
90147 35,20128 13,82649 7,345329 False
90548 -4,050564 22,66487 19,24964 False
90222 0,1115408 11,90883 46,03209 False
90136 5,391411 11,91031 13,38613 False
90194 2,260133 7,567829 45,57605 False
90452 -2,197918 20,57589 16,51874 False
90217 6,342842 11,90883 56,60271 False
90599 -8,189338 29,25792 13,55996 False
0500 2,117668 20,67588 23,41738 True
526 32,62606 20,57589 10,99936 True
90102 -35,11193 7,599109 13,49074 False
225 40,27034 7,599109 16,29947 True
90043 -17,092 5,265707 18,95944 False
90630 -6,554329 33,59891 15,81537 False
90073 46,39281 7,599109 13,49083 False
453 95,14728 16,18882 10,9003 True
365 70,24674 11,90883 74,63345 True
520 19,91923 20,57589 11,17184 True
516 5,54549 20,57589 11,12666 True
90429 123,0277 16,18882 25,90598 False
471 107,4256 16,28881 55,49983 True
90491 32,62606 20,57589 13,48186 False
361 90,48028 11,90883 74,48371 True
90589 36,97378 24,91691 9,470527 False
331 64,07889 11,93835 15,48309 True
90643 130,7908 16,28882 54,7959 False
90170 -35,82305 11,91031 35,6274 False
90054 51,61713 5,513422 56,16563 False
90615 -4,028663 26,97357 19,03484 False
90550 -6,674112 24,91691 13,35049 False
292 5,623764 7,567828 53,11043 True
429 52,03686 16,23488 16,48493 True
90590 38,55033 24,91691 13,35048 False
90347 -19,8708 16,23488 13,65424 False
90373 35,98932 16,23488 9,494506 False
432 42,20287 16,23488 11,11694 True
90305 105,7324 12,86369 19,28261 False
90137 8,674973 11,91031 13,38613 False
90614 -0,6202378 31,32386 19,15924 False
90296 91,62024 11,93835 13,83426 False
604 -38,0619 24,91691 23,68041 True
441 87,63954 16,18882 16,09463 True
513 5,54549 20,57589 16,49297 True
90234 107,5083 11,90883 71,20571 False
90173 37,06985 11,91031 9,643732 False
507 -23,80696 20,57589 16,60045 True
90064 15,98396 3,226824 71,1328 False
90181 49,88962 7,567829 70,68156 False
90033 37,0745 5,234784 6,991429 False
90016 -35,92913 3,257649 32,27967 False
359 93,91266 11,90883 74,44264 True
90395 74,58704 16,18882 13,65386 False
705 -8,189338 29,25792 8,208272 True
90324 52,61882 11,90877 13,09869 False
476 130,7896 16,28882 59,83788 True
90032 35,61877 5,234784 6,991436 False
90547 -0,6029329 26,97357 19,03493 False
90537 124,2813 20,53659 51,45633 False
90566 -30,60563 24,91691 13,35047 False
90409 83,16533 16,18882 13,65386 False
90575 -35,76634 24,9169 31,29884 False
528 39,33054 20,57588 10,33656 True
90135 1,812713 11,91031 13,38614 False
228 60,28199 7,589506 10,0995 True
90344 1,946318 16,23488 10,87057 False
90345 -2,272444 16,23488 13,65396 False
90303 107,6029 11,93835 18,30877 False
90014 -35,68324 3,257649 27,19915 False
206 -33,96136 7,599108 10,33377 True
621 12,28057 24,91691 16,58861 True
90037 45,37873 3,257649 13,02218 False
531 64,19077 20,53658 15,9078 True
246 99,42312 7,589506 10,33862 True
386 16,20692 11,90883 67,22359 True
90010 -35,14848 3,257649 22,4169 False
90184 39,73714 7,567828 71,41424 False
424 26,34717 16,23488 11,38872 True
90068 36,21682 9,127 7,40716 False
1401 46,19685 5,14273 41,78543 True
90242 124,2535 11,93835 51,95998 False
90231 93,91265 11,90883 71,20573 False
90485 5,54549 20,57589 13,48188 False
417 23,14441 16,23488 16,29382 True
90133 -0,6734686 11,91031 16,19554 False
90262 104,081 9,903 19,09314 False
90562 -23,71794 24,91691 16,34461 False
90114 -34,09397 3,257649 32,27968 False
90097 -17,07525 9,660252 18,87246 False
90600 -3,253765 29,25792 13,55996 False
404 -37,90069 16,23488 27,36189 True
518 16,22096 20,57589 10,50952 True
90078 16,62218 7,599108 13,49082 False
120 32,90754 3,257649 10,06999 True
90160 -35,82305 11,91031 23,87489 False
117 8,972873 3,257649 15,98369 True
90057 51,61713 7,567828 63,2 False
90306 103,8743 13,89606 19,28265 False
90209 16,20692 11,90883 71,20572 False
347 108,4217 11,93835 14,90375 True
90253 95,91963 7,589506 13,23844 False
410 -19,87075 16,23488 10,55187 True
90228 73,52565 11,90883 71,20576 False
448 74,2644 16,18882 10,95797 True
119 25,94649 3,257649 16,05047 True
90425 118,2217 16,18882 18,34081 False
90557 -13,70612 24,91691 16,58249 False
90272 59,12988 7,589506 12,80372 False
338 70,65508 11,93835 11,56035 True
306 -38,22314 11,91031 23,87488 True
702 -10,08585 29,25792 17,44577 True
90650 8,509357 4,019259 41,34522 False
90193 2,260133 7,567829 50,08179 False
299 -0,3640928 7,567828 53,11043 True
90370 29,57459 16,23488 13,65395 False
90468 -23,80713 20,57589 13,48177 False
625 35,37 24,91691 17,2137 True
90132 -4,134117 11,91031 16,19554 False
90528 125,0465 20,53658 18,30057 False
537 91,60469 20,53659 16,45699 True
90415 102,3586 16,18882 18,23692 False
90304 107,6022 11,93835 19,28257 False
803 -11,82381 33,59891 13,30611 True
605 -32,92056 24,91691 25,34862 True
90002 -17,09201 3,257649 13,33204 False
90071 37,02332 7,599109 13,49084 False
90210 13,10703 11,90883 71,20571 False
618 5,317589 24,91691 10,33894 True
323 35,8794 11,91031 15,91193 True
608 -30,60563 24,91691 9,885694 True
90041 -4,181696 5,265707 19,05173 False
384 19,71712 11,90883 67,1433 True
90063 36,27578 3,226824 71,13281 False
90493 35,93478 20,57588 9,547216 False
428 32,7818 16,23488 9,62731 True
371 53,31741 11,90883 74,75101 True
90610 -17,08782 31,31691 18,92545 False
90626 -14,55451 33,59891 15,81546 False
542 70,63836 20,53658 10,56364 True
395 3,081532 11,90883 74,97961 True
235 67,76371 7,589506 15,63295 True
318 -3,407988 11,91031 10,08643 True
617 5,317589 24,91691 16,79081 True
562 103,7694 20,53658 57,76351 True
374 43,28585 11,90883 68,35852 True
458 124,5859 16,18882 13,24183 True
90478 -34,0217 20,57589 30,15636 False
529 60,34947 20,53658 15,9464 True
810 -2,758055 33,59891 8,853539 True
420 19,87539 16,23488 11,34682 True
409 -6,627267 16,23488 16,70942 True
519 29,4649 20,57589 16,27112 True
217 16,62218 7,599109 16,71931 True
90522 99,01044 20,53658 18,3006 False
90006 -30,67253 3,257649 13,33203 False
90512 74,8661 20,53659 13,48148 False
90420 108,418 16,18882 19,40619 False
90645 130,7903 16,28882 58,00981 False
465 127,4955 16,18882 32,05026 True
90238 118,0777 11,93835 51,95998 False
90377 38,90096 16,23488 13,65395 False
90144 35,8794 11,91031 13,38611 False
90291 78,90143 11,93835 13,8341 False
90162 -35,82305 11,91031 26,45733 False
90521 79,27522 20,53658 19,56999 False
535 74,86591 20,53658 16,22345 True
90647 102,3573 12,03835 18,26192 False
90392 70,41618 16,18882 13,65386 False
310 -30,64787 11,91031 10,9327 True
385 19,71712 11,90883 75,22944 True
297 -0,341711 7,567828 66,00396 True
287 49,88962 7,567829 75,22642 True
703 -15,45981 29,25792 6,965351 True
367 63,41958 11,90883 74,55275 True
90623 -15,42111 33,59891 16,63811 False
90501 45,40477 20,57589 13,48184 False
125 45,37873 3,257649 16,16205 True
90448 131,2345 16,18882 17,86566 False
356 118,0777 11,93835 55,01931 True
165 90660
90660 90659
90659 90658
90658 90657
90657 90656
167 90657
90656 90655
171 90655
90655 90654
90654 90650
560 90539
90216 90212 90217 390 399a
401 90362
90315 90314 90316 335
90642 90643 90644 474
90089 90088 90091 90090
545 90514
90279 90278
112 90003
90460 90459 90463 90466
90540 561 562 90539
90363 411 90364 90346 416
90422 90423 90421
90049 90050 1401
90582 90583 621 90581
90331 90330 90332
90316 90317 338 90315
90556 90559 90553 90557
161 90064 90063
241 90251
90588 90587 90589
90510 90509 90511 542
220 90075
90608 703 701 90607
474 90642
90235 90236 90234 358
611 90555
606 90568
90635 90614 90637
403 90354
90062 90061 90063 162
90229 90230 363 90228 366
319 90140
90225 372 90199 369 90226
90388 90391 444 433 90387
308 90157
90207 90206 90208 383 382
90214 90215 90213 397 399
90356 90358 90357 90355
210 90091 208
348 90309
90438 90442 90437 90441
90426 90427 90428 90425
90095 90096 90093
90320 90321 334 90319
525 90501
90509 90510 90508 533
90342 90345 90341 90343
90632 90631 90633 90636
90233 90234 360 90232
399a 90216
316 90127
90312 351 90311 350
90112 90116 90108
90374 90375 90373
90579 0600 90580 90545
90012 107 90013 90011
364 90230
90604 90605 90596
90237 357 90238 90236
326 90142
90186 293 90185
317 90136
322 90138
90545 90544 90549 90579
90103 90102 90104 205
90421 90420 90422
90524 90523 90423
563 90541
554 90530
442 90387
90605 700 90604
118 90024
90624 90623
90030 90031 90029
90328 90327 90329
90515 90514 90516
90149 325 328 90144 90150
213 90080
90310 349 90309 90384
90045 90034 90046
552 90528
407 90347
90447 90427 90448
90470 505 90471 90469
340 90292
90280 90247 90281
313 90126
90155 90156 310 90153
527 90503
620 90583
90648 90649 90052
90159 90160 90158
90003 90004 113 112 90002
90453 90454 90452
90554 90555 612 90553
807 90630
90436 90435 90437
90558 90465 90557
90546 90547 90544
90532 557 90533 90531
90192 90191 90193 299 292
90130 90135 90129 90131
90029 90028 90030
90469 90470 508 90468
214 90079
90465 90464 90558
90609 90595 90610
90283 90284 90282
242 90251
90273 90272 226
90140 90138 90141 319
90111 201 90110
90652 90653 90651
90408 90520 90407
315 90128
90190 90189 90191 298
533 90509
90549 616 90545 90550
90458 90456 511 90459
90490 90489 524 90491 519
90633 810 808 90632
219 90077
90541 563 562
472 90640
90157 90156 90158 308
397 90214
90261 90260 90262
90506 90507 540 90505
90146 90147 90145
90053 90052 90054
90580 618 90579 617 90581
160 90061
90138 322 90140 90137
90628 90629 804 90626
90254 90253 90255 246
90322 90321 90323
412 90340
90165 90117 90164
559 90535
108 90006
90419 90418 90425 90420
90526 90530 90525 90527
90185 90186 90184
90620 90618 90623
90387 90388 442 90386
90507 90506 531 90508
90202 90201 373 90203
90479 90477 90480
90572 90571 605 90573
433 90388
90301 90647 90302
517 90489
90333 90334 90123
90437 90438 90436 469
90035 90028 90036 122 123
90330 90331 90329
90224 90223 90135
90017 102 90016 103
90543 90544 90548
349 90310
321 90143
314 90125
90432 90431 467 90435
90367 90368 90366 420
158 90060
90257 90258 90256
90459 90460 512 90458
90091 210 90089 90092
90090 211 90089
504 90475
90295 90296 90294 343
360 90233
90364 90365 413 90363
508 90469
90348 405 90349 90347
90015 90114 90016 90014
90204 377 90203 90205
90559 90560 90556
392 90217
90584 90585 90583 622
90044 90043 90094
229 90074
521 90491
399 90214
90311 90384 90312
387 90209
511 90458
90534 90533 90535 558
357 90237
90293 342 90294 90292
90489 90490 517 90488 522
90495 90496 90493
461 90428
90047 90046 1401
369 90225
1400 90001
90297 341 90298 90296 345
363 90229
90252 90253 90251 244
90001 1400 90002 90018
90260 90259 90261
90243 90242 90244
398 90215
628 90592
90294 90295 90293
330 90323
90472 90471 90473
343 90295
90255 90254 90256
90223 90224 90221
549 90518
90314 90291 337 90315
90191 90192 290 90190
90167 90168 90166
90539 90536 560 90540
90474 90475 90473
90631 809 90632
90378 90379 425 432 90377
615 90550
90127 90128 316 90124
422 90368
233 90269
90430 90429 90431 464
90196 90198 90197 90195
90309 90310 348 90308
90119 90120 90118
90226 90225 367 370 90227
701 90608
90025 90026 90024 119
379 90205
90230 90229 90231 364 361
337 90314
290 90191
284 90180
90087 90088 90084 90082
90101 206 90102 90100
90244 90245 90243
303 90171
380 90206
90416 90415 90306
90156 90157 309 90155
90336 90335 90337
350 90312
90561 90555 90562 90563
449 90396
90591 90592 626 90590
447 90392
413 90364
90494 90376 90493
90329 90345 90330 90328
90565 90564 609
90476 90477 502 90482 90475
90117 90165 90109
200 90110
90241 90240 90290 90288
90341 90342 409 90340
243 90253
90456 90455 514 90458
90411 90412 90410 452 443
90148 90147 90383
808 90633
510 90466
375 90203
90372 423 90373 90371 90377
105 90014
438 90382
90177 90178 90174
90533 90532 556 90534
502 90476
90355 90361 90354 90356 402
90412 453 445 90413 90411
90188 90189 90187 296
90212 90213 90216 90211 393
90126 313 90125 90153
90313 90300 90262
90551 90552 90550 613
90428 90426 90429 461
90115 90114 90116
547 90517
90646 90645
226 90273
90531 90530 90532 555
90080 90079 213 90081
351 90312
90031 90030 90032
538 90504
90205 90206 379 90204 378
90450 90332 90451
393 90212
298 90190
459 90449
90553 90552 90554 90556
624 90585
90498 90499 90492 523
90603 90601 708 90602
90563 90564 610 90561
524 90490
159 90063
90203 375 90204 376 90202
90443 90441 90444
90354 404 90355 90353 403
90519 90518 90522
221 90075
90278 90277 90279
376 90203
355 90239
0400 90346
90414 90413 90415
111 90004
90158 90157 90159
809 90631
90008 106 90009 90007
700 90605
90264 239 90247 90265
90502 90503 90501 534
90440 90441 90439
416 90363
546 90516
90092 90098 90091 90093
90077 90078 219 90076
90150 90151 327 90325 90149
90581 90582 90580 619
90258 90257 90259
391 90211
90034 90028 90045
445 90412
0600 90579
212 90088
90153 90126 90155 312 311
470 90641
90488 90489 90487 515
90444 90445 90443
302 90169
90394 90393 90395 448
90105 204 90106 90104
90013 90012 90014 104
90335 90334 90336 90339
90266 237 90265 90267
90484 90455 90485 0500
534 90502
342 90293
104 90013
622 90584
90340 90341 90339 412
90407 90408 90406
90538 90446 90537
90308 90307 90309 90303
90104 90103 90105
90517 547 537 90518 90516
334 90320
90086 90083 90134
90302 90307 90301 90303
110 90005
90081 90082 0200 90080
90403 90405 90402
304 90162
90471 506 90472 90470
90511 543 90512 90510
90439 90440 90246
90259 90260 90258 90263
372 90225
90232 90231 90233 362
90082 90087 90081
90445 90446 90444
90516 90515 546 90517
90560 90559 90593
557 90532
90627 803 90626 802
0200 90081
90164 90163 90166 90165
544 90513
90618 90620 90610
90508 90509 90507 541
312 90153
90098 90099 209 90092
90246 90439 90245
90050 90051 90049
327 90150
90332 90450 90331
90179 90178 90176
90569 90568 90570
90141 324 90142 90140
90326 90133 90327
90276 90277 90275
430 90377
411 90363
90441 90440 90438 90443
103 90017
90625 801 90626 90623
454 90413
90327 90328 90326
90325 90324 90150
90576 90575 90578 90577
90317 90318 333 90316
463 90429
90337 90338 90336
90051 90052 90050
90058 90059 90057
408 90349
170 90653
90573 90572 90575 90574
613 90551
626 90591
90464 90463 90465
706 90602
90607 90608 90606
289 90184
551 90527
124 90037
515 90488
90386 90382 90389 90387 440
90382 90386 429 438 90381
90596 90606 90595 90604
90406 90404 90407
388 90210
383 90207
90299 90647 90298
90639 90640 473 90644
90131 90133 90130 90132
90065 90066 90033
90027 90028 90026 120
90005 90006 90004 110
90636 90637 90630 90632
90076 218 90077 90075
90552 90551 614 90553
90578 90481 90576
90124 90120 90125 90127
90480 90479 90481
115 90020
90606 90596 90607 90597
390 90216
90477 90478 90476 90479
90285 90284 90291 90286
541 90508
345 90297
90449 90448 459 460
436 90381
90109 90117 90108
90638 247 90263
543 90511
90597 90599 90606 702
558 90534
514 90456
539 90518
90404 90405 90396 90406
90059 90058 90060
90286 90402 90285
90128 315 90129 90127
90629 90628 90630 805
247 90638
90189 297 90188 90190
90178 90195 90179 90177
90298 346 90299 90297
382 90207
90290 90241 90385
90208 90209 384 385 90207
434 90379
236 90265
400 90361
90612 90611 90613 90616
90083 90086 90084
90052 90648 90051 90053
90358 90356 90359
90505 90506 90504 529
607 90567
532 90501
90514 90513 90515 545
311 90153
90360 90478 90359
90454 90548 90453
207 90100
90219 90220 396 90218
324 90141
90197 90176 90196
90349 408 90350 90348
556 90533
239 90264
90542 90536 90537
555 90531
90250 90249 90251
90481 90578 90480
90593 90560 90594
90423 90524 90422
223 90071
90256 90255 90257
415 90365
468 90435
512 90459
90211 391 90212 90210
627 90590
90640 90641 472 90639
90570 90569 90571
90074 90073 229
90384 90310 90311 90385
90405 90404 90403
240 90249
336 90318
90161 90160 90162 307
431 90389
201 90111
0100 90019
90107 90106 90110 90108
90598 90599 90600 704
90123 90122 90333
366 90229
90353 90354 406 90352
90475 90474 90476 503 504
90022 90021 90023
90529 90528 553
90567 90566 90568 607
90143 90142 90144 321
90169 90163 302 90170
368 90228
90265 90264 90266 236
90288 90241 352
332 90321
90396 90404 449 90395 90409
806 90630
90199 90198 90225 371
90100 90099 207 90101
426 90370
90268 235 90269 232 90267
90391 435 446 90392 90388
90036 90035 90037 125
162 90062
561 90540
473 90639
506 90471
341 90297
90275 90263 90276
204 90105
232 90268
90518 90519 539 90517 549
90381 90382 90379 436
90595 90609 90596 90594
90375 90376 90374
90106 90107 203 90105 202
612 90554
614 90552
435 90391
224 90073
90046 90047 90045
90435 468 90436 90432
381 90206
444 90388
90455 90452 90484 90456
90151 90150 328
208 210
623 90585
467 90432
90118 90119 90097
90644 90642 90639 90442
227 90073
294 90193
90649 90650 90648
335 90315
396 90219
90496 90497 90495
523 90498
90248 90249 238 90247
90061 90062 160 90060
238 90248
216 90078
389 90210
450 90409
329 90321
90088 90087 90089 212
90166 90164 90167
90174 90057 90175 90177 90180
90171 301 90170 303
402 90355
443 90411
90009 90010 90008
90368 90367 417 90369 422
503 90475
90530 90526 554 90531
460 90449
234 90267
550 90525
90383 90373 90148
90492 90498 90493 90491
439 90395
90042 90043 90002
536 90503
421 90371
352 90288
90270 231 90271 90269 228
90271 90270 90272
800 801
90318 90317 336 90319
325 90149
90483 501 90482
90267 90266 234 90268
90611 90600 90601 90612
90462 90461 90463
90473 90474 90472
309 90156
377 90204
90221 90222 90223 90220
707 90600
90482 90476 90483 500
90339 90335 90340 90347
90085 90041 90084
295 90187
419 90370
90499 90498 90500 528
90198 90201 90199 90196
90413 90412 454 90414
90592 90591 628
522 90489
90410 451 90411 441 90409
90218 90219 90217 399b 394
452 90411
90277 90276 90278
418 90366
90020 90019 115 90021
209 90098
90307 347 90308 90302
90028 90035 90027 90029 90034
90346 90344 90363 90345 0400
90094 90044 90093
90651 90652 90650
90116 90112 90115
90026 90025 121 90027
610 90563
90108 90107 90109 90112
90463 90460 90462 90464
90168 90167 90357
90323 90324 90322 330
90269 233 230 90270 90268
530 90500
90564 90565 90563 90566
451 90410
373 90202
437 90393
121 90026
616 90549
90163 90169 90162 90164
90525 90523 90526 550
113 90003
90568 90569 606 90567
90220 90221 90219
90365 90364 415 90366
90602 706 90603
122 90035
90461 90462 90338
423 90372
90227 90226 365 90228
211 90090
90319 90320 90318 331
90023 90022 90024
90281 90282 90280
90369 90368 90370 424
305 90162
90215 398 90214
90601 90611 90603
90125 90126 314 90124
90544 90545 90543 90546
90245 90246 90244
320 90137
90172 300 90170
406 90353
90021 90022 117 90020
90503 90504 527 90502 536
90417 90418 90415
301 90171
704 90598
90351 90350 90352
90055 90057 90054
90079 215 214 90080 90078
90352 90353 90351
90175 90174 90176
300 90172
307 90161
90206 90207 380 90205 381
90446 90445 90538
222 90072
90520 90408
90024 118 90023 90025
90385 90384 90290
90039 90040 90018
358 90235
90247 90264 90248 90280
90075 220 90076 90071 221
123 90035
90527 90526 551 90528
370 90226
90263 90638 90275 90259
90120 90119 90124 90121
90110 90107 90111 200
90096 90097 90095
90129 318 90130 90128
90361 90355 90362 400
90571 604 90572 90570
90587 90588 90586 90590
90007 90006 90008
505 90470
90060 90059 90061 158
90574 602 90573
501 90483
90251 241 242 90252 90250
90451 90450 90452
708 90603
90376 90375 90494
90004 90005 111 90003
90121 90120 90122
328 90151 90149
90239 355 90240 90238
90072 225 222 90073 90071
90513 90514 90512 90521 544
90282 90283 90281
344 90296
405 90348
90338 90461 90337
90613 90614 90612
90583 90582 90584 620
90359 90360 90358
464 90430
469 90437
90069 90173 90068
90011 90010 90012
90586 90585 625 90587
90240 90242 90241 90239
90402 90403 90286
90366 90367 418 90365
90637 90635 90636
90019 0100 90020 90018
553 90529
90585 623 90584 624 90586
609 90565 90562
230 90269
90535 90536 90534 559
90093 90094 90095 90092
394 90218
509 90467
90142 326 90143 90141
90292 90291 90293 340
90099 90098 90100
90018 90039 90001 90019
446 90391
414 90344 90343
90195 90178 90196
244 90252
90504 90505 538 90503
205 90103
106 90008
90343 90342 414
90066 90071 90067 90065
500 90482
90122 90121 90123
90594 90593 90595
90487 90486 520 90488
218 90076
203 90106
801 800 90625
107 90012
540 90506
90641 471 90640 470
90145 90173 90146 90144
90362 90361 401
90486 518 90485 90487
215 90079
362 90232
333 90317
90467 509 90466 90468
90431 465 90432 90430
296 90188
802 90627
90183 90184 90182
90249 90248 240 90250
90497 90589 90496
90616 90615 90612
90187 293 90188 295
237 90266
90577 90576
804 90628
293 90186 90187
346 90298
245 90253
440 90386
90300 90313 90647
90236 90237 90235
90523 90524 90525 90522
805 90629
90213 90212 90214 395
90182 90183 287 90181
202 90106
90389 431 90386
90500 90499 90501 530
164 90063
399b 90218
90442 90438 90644
90418 90419 90417
90040 90041 90039
102 90017
619 90581
90134 90086 90132
90393 437 90392 90394
602 90574
339 90296
90321 329 90322 90320 332
90536 90539 90535 90542
90379 434 90378 90381
90201 90202 90198 374
231 90270
90371 90370 421 90372 428
90653 170 90652
90555 90554 90561 611
90284 90283 90285
90084 90085 90083 90087
378 90205
90427 90447 90426 458
90180 90174 90181 284
90357 90168 90356
90067 90066 90068
90350 90351 90349
90334 90335 90333
286 90184
90176 90197 90175 90179
90466 90460 510 90467
425 90378
90147 90146 90148
90548 90454 90543
90222 90221
90136 90135 90137 317
90194 90193
90452 90455 90451 90453
90217 90216 392 90218
90599 705 90597 90598
0500 90484
526 90491
90102 90103 90101
225 90072
90043 90042 90044
90630 90629 807 90636 806
90073 224 227 90072 90074
453 90412
365 90227
520 90487
516 90485
90429 90428 90430 463
471 90641
90491 521 90490 526 90492
361 90230
90589 90588 90497
331 90319
90643 90642 90645
90170 90169 90171 90172
90054 90053 90055
90615 90547 90616
90550 90551 90549 615
292 90192
429 90382
90590 90587 90591 627
90347 410 90339 407 90348
90373 90372 90374 90383
432 90378
90305 90306 90304
90137 90138 90136 320
90614 90635 90613
90296 90295 344 339 90297
604 90571
441 90410
513 90485
90234 90233 90235
90173 90069 90145
507 90468
90064 161
90181 90182 90180
90033 90065 90032
90016 90017 90015
359 90231
90395 90396 439 90394
705 90599
90324 90323 90325
476 90645
90032 90031 90033
90547 90615 90546
90537 90542 90538
90566 90564 608 90567
90409 90396 90410 450
90575 90576 90573
528 90499
90135 90130 90136 90224
228 90270
90344 414 90346
90345 90342 90346 90329
90303 90308 90304 90302
90014 90013 90015 105
206 90101
621 90582
90037 90036 124
531 90507
246 90254
386 90209
90010 90011 90009
90184 90183 90185 289 286
424 90369
90068 90067 90069
1401
90242 90243 90240
90231 90230 359 90232
90485 516 90484 90486 513
417 90368
90133 90131 90326
90262 90313 90261
90562 90561 609
90114 90015 90115
90097 90096 90118
90600 90611 707 90598
404 90354
518 90486
90078 90077 90079 216 217
120 90027
90160 306 90161 90159
117 90021
90057 90174 90055 90058
90306 90416 90305
90209 90208 387 90210 386
347 90307
90253 243 90252 245 90254
410 90347
90228 368 90229 90227
448 90394
119 90025
90425 90426 90419
90557 90558 90556
90272 90271 90273
338 90316
306 90160
702 90597
90650 90651 90649
90193 90192 294 90194
299 90192
90370 90369 426 419 90371
90468 507 90467 90469
625 90586
90132 90134 90131
90528 552 90529 90527
537 90517
90415 90416 90414 90417
90304 90305 90303
803 90627
605 90572
90002 90042 90001 90003
90071 90066 90075 90072 223
90210 389 90209 388 90211
618 90580
323 90144
608 90566
90041 90040 90085
384 90208
90063 164 90062 159 161
90493 90494 90492 90495
428 90371
371 90199
90610 90609 90618
90626 90627 90628 90625
542 90510
395 90213
235 90268
318 90129
617 90580
562 90540 90541
374 90201
458 90427
90478 90477 90360
529 90505
810 90633
420 90367
409 90341
519 90490
217 90078
90522 90523 90519
90006 90005 90007 108
90512 90511 90513 535
90420 90419 90421
90645 90643 90646 476
465 90431
90238 356 90237 90239
90377 430 90372 90378
90144 90145 90143 323 90149
90291 90314 90292 90285
90162 90163 304 305 90161
90521 90513
535 90512
90647 90301 90299 90300
90392 90391 90393 447
310 90155
385 90208
297 90189
287 90182
703 90608
367 90226
90623 90624 90625 90620
90501 90500 532 525 90502
125 90036
90448 90447 90449
356 90238
