767
527 52.06017 20.67589 17.35003 True
536 52.06017 20.67589 10.58513 True
90503 52.06017 20.67589 13.48183 False
534 48.42789 20.67589 10.52818 True
90502 48.42789 20.67589 13.48184 False
525 45.40477 20.67589 18.32555 True
532 45.40477 20.67589 10.45234 True
90501 45.40477 20.67589 13.48184 False
530 42.19337 20.67589 10.47191 True
90500 42.19337 20.67589 13.48184 False
528 39.33054 20.67588 10.33656 True
90499 39.33054 20.67589 13.48185 False
523 38.76131 20.67588 18.63229 True
90498 38.76131 20.67589 13.48185 False
90497 36.99203 22.54863 7.438056 False
90496 35.1714 22.54863 7.438061 False
90495 35.1714 20.67588 9.547213 False
90494 36.94859 20.67589 9.547213 False
90493 35.93478 20.67588 9.547216 False
90492 35.93478 20.67589 13.48185 False
526 32.62606 20.67589 10.99936 True
521 32.62606 20.67589 16.09912 True
90491 32.62606 20.67589 13.48186 False
519 29.4649 20.67589 16.27112 True
524 29.4649 20.67589 10.95445 True
90490 29.4649 20.67589 13.48186 False
522 26.29563 20.67589 11.10899 True
517 26.29563 20.67589 16.30939 True
90489 26.29563 20.67589 13.48186 False
515 23.16999 20.67589 16.41425 True
90488 23.16999 20.67589 13.48187 False
520 19.91923 20.67589 11.17184 True
90487 19.91923 20.67588 13.48187 False
518 16.22096 20.67589 10.50952 True
90486 16.22096 20.67589 13.48187 False
513 5.54549 20.67589 16.49297 True
516 5.54549 20.67589 11.12666 True
90485 5.54549 20.67589 13.48188 False
90484 2.117668 20.67589 13.48188 False
501 -34.00098 20.67589 35.62526 True
90483 -35.76764 20.67589 35.62526 False
500 -38.46554 20.67589 35.069 True
90482 -35.76764 20.67589 35.069 False
90481 -32.12119 22.62233 30.03028 False
90480 -32.12119 22.62233 32.58819 False
90479 -34.02171 20.67589 32.5882 False
90478 -34.0217 20.67589 30.15636 False
90477 -34.02171 20.67589 31.32906 False
502 -38.18772 20.67589 31.32906 True
90476 -35.76765 20.67589 31.32906 False
504 -37.89338 20.67589 27.35635 True
503 -34.44413 20.67589 27.35635 True
90475 -35.76765 20.67589 27.35635 False
90474 -35.76765 20.67589 22.597 False
90473 -35.04082 20.67589 22.59701 False
90472 -35.04082 20.67589 13.48173 False
506 -34.09748 20.67589 10.44969 True
90471 -34.09742 20.67588 13.48174 False
505 -33.31876 20.67589 16.65488 True
90470 -33.31886 20.67589 13.48171 False
508 -30.6677 20.67589 9.988359 True
90469 -30.66769 20.67589 13.48175 False
507 -23.80696 20.67589 16.60045 True
90468 -23.80713 20.67589 13.48177 False
509 -20.05284 20.67589 16.37646 True
90467 -20.05284 20.67589 13.48176 False
510 -19.62038 20.67589 9.366117 True
90466 -19.62033 20.67589 13.4818 False
90465 -17.04605 22.76487 19.0813 False
90464 -17.04605 20.67589 16.77344 False
90463 -15.41834 20.67589 16.77346 False
90462 -13.84576 20.67589 16.77342 False
90461 -13.84595 18.55633 19.12283 False
90460 -15.41834 20.67589 13.48185 False
512 -10.36789 20.67589 9.434366 True
90459 -10.36789 20.67589 13.48182 False
511 -6.710599 20.67589 17.00198 True
90458 -6.710585 20.67589 13.48183 False
514 -3.164955 20.67588 9.809191 True
90456 -3.16494 20.67589 13.48186 False
90455 -2.197916 20.67589 13.48188 False
90454 -0.6021743 22.76487 19.24964 False
90453 -0.6021719 20.67589 16.51874 False
90452 -2.197918 20.67589 16.51874 False
90451 -4.015431 20.67589 16.5188 False
90450 -4.015461 18.62812 19.10893 False
458 124.5859 16.28882 13.24183 True
460 134.7536 16.28882 17.8657 True
459 131.7598 16.28882 13.78137 True
90449 131.7599 16.28882 17.86574 False
90448 131.2345 16.28882 17.86566 False
90447 131.2347 16.28882 18.34058 False
90446 125.6008 18.485 52.14465 False
90445 127.3194 17.42539 52.14468 False
90444 129.2633 16.28882 52.14467 False
90443 129.2635 16.28882 50.76494 False
90442 123.6265 16.28882 51.91286 False
90441 124.254 16.28882 50.76489 False
90440 124.2536 16.28882 52.30243 False
90439 125.8544 14.608 52.22926 False
90438 123.6266 16.28882 50.85503 False
469 126.8764 16.28882 47.3571 True
90437 123.6268 16.28882 47.35692 False
90436 123.028 16.28882 47.35686 False
468 126.4643 16.28882 41.67593 True
90435 123.0276 16.28882 41.67614 False
467 126.4433 16.28882 38.60918 True
90432 123.028 16.28882 38.60905 False
465 127.4955 16.28882 32.05026 True
90431 123.0278 16.28882 32.05015 False
464 127.676 16.28882 29.52534 True
90430 123.0276 16.28882 29.52527 False
463 127.0251 16.28882 25.90592 True
90429 123.0277 16.28882 25.90598 False
461 126.9886 16.28882 22.59871 True
90428 123.0279 16.28882 22.59852 False
90427 124.586 16.28882 18.34079 False
90426 123.0284 16.28882 18.34077 False
90425 118.2217 16.28882 18.34081 False
90423 104.0166 18.21252 19.40608 False
90422 105.7322 17.18015 19.40611 False
90421 107.2817 16.28882 19.40613 False
90420 108.418 16.28882 19.40619 False
90419 108.4181 16.28882 18.34086 False
90418 108.4181 16.28882 17.31645 False
90417 102.3583 16.28882 17.31648 False
90416 102.3583 16.28882 19.41734 False
90415 102.3586 16.28882 18.23692 False
90414 98.97456 16.28882 18.23703 False
454 98.97456 16.28882 10.84829 True
90413 98.97487 16.28882 13.65386 False
453 95.14728 16.28882 10.9003 True
445 95.14728 16.28882 16.17322 True
90412 95.14796 16.28882 13.65386 False
443 91.4519 16.28882 16.11393 True
452 91.45189 16.28882 10.84557 True
90411 91.45249 16.28882 13.65386 False
441 87.63954 16.28882 16.09463 True
451 87.63953 16.28882 10.82332 True
90410 87.63965 16.28882 13.65386 False
450 83.16489 16.28882 10.75934 True
90409 83.16533 16.28882 13.65386 False
90408 78.09303 18.25727 21.65892 False
90407 80.11549 18.25727 21.65893 False
90406 80.1155 16.28882 19.56958 False
90405 78.09628 16.28882 19.56958 False
90404 79.10986 16.28882 19.56959 False
90403 78.08749 14.04081 21.77014 False
90402 79.95885 14.04081 21.77013 False
449 79.11022 16.28882 10.92659 True
90396 79.10986 16.28882 13.65386 False
439 74.58709 16.28882 15.87866 True
90395 74.58704 16.28882 13.65386 False
448 74.2644 16.28882 10.95797 True
90394 74.2647 16.28882 13.65386 False
437 71.17132 16.28882 15.90599 True
90393 71.17134 16.28882 13.65386 False
447 70.41576 16.28882 11.0204 True
90392 70.41618 16.28882 13.65386 False
435 67.4846 16.28882 15.91479 True
446 67.4846 16.28882 10.91843 True
90391 67.48483 16.28882 13.65386 False
433 63.54452 16.28882 15.88032 True
444 63.54452 16.28882 10.93737 True
442 59.66785 16.28882 10.9964 True
431 59.44057 16.28882 19.02309 True
90389 55.99152 16.28882 19.02308 False
440 55.99152 16.28882 10.83996 True
90388 63.5443 16.28882 13.65386 False
90387 59.66797 16.28882 13.6538 False
90386 55.99187 16.28882 13.65379 False
90385 127.9324 12.03835 25.24918 False
90384 127.9324 12.03835 18.33663 False
90173 37.06985 12.01031 9.643732 False
300 -37.76851 12.01031 37.05361 True
90172 -35.82305 12.01031 37.05362 False
303 -34.707 12.0095 34.51737 True
301 -34.707 12.01031 37.37669 True
90171 -34.707 12.01039 35.62739 False
90170 -35.82305 12.01031 35.6274 False
302 -38.08603 12.01031 34.42615 True
90169 -35.82305 12.01031 34.42616 False
90168 -32.01668 13.96688 30.01814 False
90167 -32.01668 13.96688 32.14204 False
90166 -34.04645 12.01031 32.14204 False
90165 -34.04645 12.01031 30.048 False
90164 -34.04645 12.01031 30.81849 False
90163 -35.82305 12.01031 30.8185 False
304 -38.07757 12.01031 26.45732 True
305 -33.16009 12.01031 26.45732 True
90162 -35.82305 12.01031 26.45733 False
307 -33.38323 12.01031 24.86399 True
90161 -35.82305 12.01031 24.864 False
306 -38.22314 12.01031 23.87488 True
90160 -35.82305 12.01031 23.87489 False
90159 -35.08022 12.01031 23.87489 False
90158 -35.08022 12.01031 13.38613 False
308 -34.06586 12.01031 10.85905 True
90157 -34.06586 12.01031 13.38613 False
309 -33.16222 12.01031 15.86326 True
90156 -33.16222 12.01031 13.38614 False
310 -30.64787 12.01031 10.9327 True
90155 -30.64787 12.01031 13.38614 False
311 -23.70966 12.01031 15.77544 True
312 -23.70966 12.01031 10.64639 True
90153 -23.70966 12.01031 13.38615 False
90151 45.27737 12.01031 10.34025 False
327 45.27737 12.01031 15.66455 True
90150 45.27737 12.01031 13.3861 False
328 38.99715 12.01031 10.34025 True
325 38.99715 12.01031 15.69031 True
90149 38.99715 12.01031 13.3861 False
90148 37.04752 13.92649 7.345324 False
90147 35.20128 13.92649 7.345329 False
90146 35.20128 12.01031 9.643733 False
90145 35.8794 12.01031 9.643738 False
323 35.8794 12.01031 15.91193 True
90144 35.8794 12.01031 13.38611 False
321 30.35179 12.01031 15.70831 True
90143 30.35179 12.01031 13.38611 False
326 29.86175 12.01031 10.33754 True
90142 29.86175 12.01031 13.38611 False
319 25.04432 12.01031 15.59129 True
324 25.74175 12.01031 10.36093 True
90141 25.74175 12.01031 13.38612 False
90140 25.04432 12.01031 13.38612 False
322 15.91059 12.01031 10.71244 True
90138 15.91059 12.01031 13.38613 False
320 8.674973 12.01031 10.76744 True
90137 8.674973 12.01031 13.38613 False
317 5.391411 12.01031 15.74624 True
90136 5.391411 12.01031 13.38613 False
90135 1.812713 12.01031 13.38614 False
313 -20.05983 12.01031 15.59005 True
314 -18.80099 12.01031 10.08814 True
316 -10.66613 12.01031 10.04087 True
318 -3.407988 12.01031 10.08643 True
90134 -4.134117 9.974691 18.99396 False
90133 -0.6734686 12.01031 16.19554 False
90132 -4.134117 12.01031 16.19554 False
90131 -2.218737 12.01031 16.19555 False
90130 -2.218737 12.01031 13.38614 False
90129 -3.407988 12.01031 13.38615 False
90128 -6.9 12.01031 13.38615 False
90127 -10.66613 12.01031 13.38616 False
90126 -20.05984 12.01031 13.38615 False
90125 -18.80099 12.01031 13.38616 False
90124 -15.56849 12.01031 13.38616 False
90123 -17.18007 14.0654 18.93 False
90122 -17.18007 12.01031 16.91621 False
90121 -17.18007 12.01031 15.91492 False
90120 -15.56849 12.01031 15.91492 False
90119 -13.74742 12.01031 15.91492 False
90118 -13.74742 9.960401 18.95943 False
90117 -31.94856 9.754874 30.048 False
90116 -32.30695 5.360329 29.85147 False
90115 -32.30695 5.360329 32.27967 False
90114 -34.09397 3.357649 32.27968 False
90112 -33.80557 7.699109 29.88974 False
201 -33.85073 7.699109 35.50729 True
90111 -35.87581 7.699108 35.5073 False
200 -38.52217 7.699109 34.83175 True
90110 -35.87581 7.699108 34.83176 False
90109 -31.94856 9.754874 32.34431 False
90108 -33.80557 7.699109 32.34432 False
90107 -35.87581 7.699109 32.34433 False
202 -38.42996 7.699108 26.7322 True
203 -33.12109 7.699109 26.7322 True
90106 -35.87581 7.699109 26.73221 False
204 -38.26089 7.699109 24.74965 True
90105 -35.87581 7.699109 24.74966 False
90104 -35.11193 7.699108 24.74966 False
205 -33.42818 7.699109 22.4281 True
90039 -0.8478975 3.357649 16.43165 False
90008 -34.03459 3.357649 13.33202 False
90017 -35.92912 3.357649 35.3233 False
90042 -17.092 3.357649 16.11146 False
164 36.27578 3.326824 74.37952 True
90096 -17.07525 7.699109 16.75162 False
90051 51.61712 5.24273 51.71658 False
90024 24.82104 3.357649 13.33202 False
90092 -15.14258 7.699109 13.49077 False
227 46.39281 7.699109 16.04212 True
90009 -35.14848 3.357649 13.33201 False
112 -23.83865 3.357649 10.57161 True
162 43.09706 3.326825 74.49028 True
90014 -35.68324 3.357649 27.19915 False
90010 -35.14848 3.357649 22.4169 False
90057 51.61713 7.667828 63.2 False
90103 -35.11193 7.699109 22.42811 False
105 -33.66113 3.357649 27.19915 True
115 5.581841 3.357649 16.08643 True
90022 12.44505 3.357649 13.33202 False
213 5.905323 7.699108 16.0718 True
90030 35.61878 3.357649 10.59267 False
90035 39.39253 3.357649 13.332 False
90073 46.39281 7.699109 13.49083 False
210 -14.73829 7.699109 8.9 True
211 -9.183859 7.699109 17.10554 True
90018 -0.8478975 3.357649 13.33204 False
90058 49.4416 7.667828 63.2 False
90077 26.07789 7.699109 13.49083 False
90049 46.19685 5.242729 46.69727 False
90040 -0.8478975 5.365707 19.05173 False
90099 -23.76882 7.699108 13.49076 False
90093 -15.14258 7.699108 15.87562 False
111 -26.76327 3.357649 16.34393 True
218 26.70452 7.699109 10.40334 True
109 -33.26639 3.357649 16.27866 True
90067 36.21682 7.699109 9.600728 False
90015 -35.68324 3.357649 32.27969 False
90079 13.02663 7.699109 13.49081 False
90046 36.28106 4.019258 29.64368 False
208 -24.25391 7.699109 8.899994 True
123 39.39253 3.357649 15.8926 True
90001 -9.079651 3.357649 13.33205 False
90044 -13.74742 5.365707 18.95944 False
90054 51.61713 5.613422 56.16563 False
90078 16.62218 7.699108 13.49082 False
90013 -35.68324 3.357649 26.32613 False
90094 -13.66274 7.699108 15.87561 False
90033 37.0745 5.334784 6.991429 False
90007 -33.26639 3.357649 13.33202 False
229 49.89917 7.699109 16.10472 True
90003 -23.83865 3.357649 13.33204 False
207 -30.1953 7.699109 16.22132 True
212 -3 7.699109 10.05182 True
90011 -35.68324 3.357649 22.4169 False
159 36.27578 3.326824 67.64721 True
117 8.972873 3.357649 15.98369 True
22 40.27035 7.699109 10.20306 True
219 26.07789 7.699108 16.28374 True
90002 -17.09201 3.357649 13.33204 False
214 13.02662 7.699109 10.26365 True
220 33.56937 7.699109 10.27068 True
90005 -27.24373 3.357649 13.33203 False
107 -33.6066 3.357649 24.9344 True
90034 36.28106 3.357649 19.17059 False
1401 46.19685 5.24273 41.78543 True
158 63.20874 3.326824 71.13283 True
209 -19.9055 7.699108 16.41923 True
90102 -35.11193 7.699109 13.49074 False
90076 26.70452 7.699109 13.49083 False
102 -38.22189 3.357649 35.32328 True
125 45.37873 3.357649 16.16205 True
161 22.97089 3.326824 71.1328 True
90019 1.971902 3.357649 13.33204 False
90037 45.37873 3.357649 13.02218 False
215 13.02663 7.699109 16.16839 True
110 -27.24373 3.357649 10.65303 True
90050 51.61712 5.24273 46.69727 False
1400 -9.079651 3.357649 9.175639 True
90043 -17.092 5.365707 18.95944 False
90036 45.37873 3.357649 13.33199 False
90027 32.90754 3.357649 13.33201 False
108 -30.67253 3.357649 10.62488 True
124 47.77988 3.357649 13.02218 True
224 46.39281 7.699109 10.31594 True
90090 -6.483204 7.699109 17.10555 False
216 16.62218 7.699109 10.24199 True
90082 -0.5443029 7.699109 13.4908 False
90069 37.06985 9.227 7.40716 False
90098 -19.9055 7.699109 13.49076 False
90071 37.02332 7.699109 13.49084 False
90028 36.28106 3.357649 13.332 False
90080 5.905323 7.699109 13.49081 False
90089 -6.483204 7.699109 13.49078 False
90084 -2.269274 7.699108 16.37206 False
121 30.15308 3.357649 15.97017 True
90066 37.02332 7.699109 9.600733 False
90041 -4.181696 5.365707 19.05173 False
90053 51.61713 4.019259 54.75822 False
90074 49.89917 7.699109 13.49083 False
90064 15.98396 3.326824 71.1328 False
225 40.27034 7.699109 16.29947 True
90063 36.27578 3.326824 71.13281 False
90075 33.56938 7.699109 13.49084 False
90004 -26.76327 3.357649 13.33203 False
90065 37.85449 7.699109 9.600739 False
90091 -14.73829 7.699108 13.49078 False
90047 36.28106 5.24273 31.8163 False
90086 -0.5443029 9.760252 19.01021 False
90068 36.21682 9.227 7.40716 False
90031 35.61877 3.357649 9.341969 False
90081 2.263 7.699109 13.4908 False
90029 36.28106 3.357649 10.59268 False
90021 8.972873 3.357649 13.33203 False
90020 5.581841 3.357649 13.33203 False
90100 -30.1953 7.699109 13.49075 False
103 -34.13266 3.357649 35.32328 True
90085 -4.081646 7.699109 16.37205 False
90016 -35.92913 3.357649 32.27967 False
113 -23.83864 3.357649 16.44698 True
90059 49.4416 3.326824 66.62059 False
90026 30.15308 3.357649 13.33201 False
90052 51.61712 4.019259 53.18996 False
90062 43.09707 3.326824 71.13282 False
90012 -35.68324 3.357649 24.93441 False
160 46.34619 3.326824 74.61362 True
118 24.82104 3.357649 10.01862 True
90060 49.4416 3.326824 71.13284 False
90072 40.27034 7.699108 13.49084 False
221 33.56937 7.699108 16.42402 True
104 -37.92117 3.357649 26.32612 True
90087 -2.269274 7.699108 13.49079 False
90095 -17.07525 7.699109 15.87561 False
90032 35.61877 5.334784 6.991436 False
106 -34.03459 3.357649 10.57712 True
90083 -0.5443029 7.699109 16.37207 False
90055 51.61713 7.667829 58.281 False
90097 -17.07525 9.760252 18.87246 False
217 16.62218 7.699109 16.71931 True
122 39.39253 3.357649 10.19712 True
223 37.02332 7.699109 16.44047 True
90101 -33.96136 7.699109 13.49075 False
90045 36.28106 4.019259 21.36781 False
90025 25.94649 3.357649 13.33202 False
90088 -3 7.699109 13.49079 False
119 25.94649 3.357649 16.05047 True
90023 15.95966 3.357649 13.33202 False
90006 -30.67253 3.357649 13.33203 False
90061 46.34619 3.326825 71.13283 False
206 -33.96136 7.699108 10.33377 True
120 32.90754 3.357649 10.06999 True
90174 51.61713 7.667828 66.01015 False
90175 49.46719 7.667829 66.01014 False
90176 49.46719 9.488351 63.71954 False
90177 53.75748 7.667828 66.01014 False
90178 53.75748 9.488351 63.71954 False
90179 51.6347 9.488351 63.71953 False
90180 51.61713 7.667828 70.68157 False
90181 49.88962 7.667829 70.68156 False
90182 49.88962 7.667828 71.41425 False
287 49.88962 7.667829 75.22642 True
90183 43.26699 7.667828 71.41425 False
90184 39.73714 7.667828 71.41424 False
286 39.73714 7.667828 67.8829 True
289 39.73714 7.667829 75.27412 True
90185 23.02981 7.667828 71.41423 False
90186 19.16335 7.667828 71.41422 False
293 13.54059 7.667829 71.41422 True
90187 2.935214 7.667829 71.41421 False
295 2.935214 7.667828 75.25787 True
296 -0.4401326 7.667828 71.4142 True
90188 2.260134 7.667828 71.4142 False
90189 2.260134 7.667828 66.00397 False
297 -0.341711 7.667828 66.00396 True
90190 2.260134 7.667828 59.19991 False
298 -0.3424168 7.667828 59.19991 True
90191 2.260134 7.667829 57.26758 False
290 5.589507 7.667828 57.26757 True
90192 2.260134 7.667828 53.11044 False
299 -0.3640928 7.667828 53.11043 True
292 5.623764 7.667828 53.11043 True
90193 2.260133 7.667829 50.08179 False
294 5.821383 7.667828 50.08178 True
90194 2.260133 7.667829 45.57605 False
284 70.22663 7.667828 70.68156 True
90195 53.75748 12.00883 66.01013 False
90196 51.61713 12.00883 66.01014 False
90197 49.46719 12.00883 66.01013 False
90198 51.61713 12.00883 71.20579 False
90199 53.31742 12.00883 71.20579 False
371 53.31741 12.00883 74.75101 True
90201 43.28585 12.00883 71.20578 False
374 43.28585 12.00883 68.35852 True
90202 39.7569 12.00883 71.20577 False
373 39.7569 12.00883 75.19798 True
90203 36.68085 12.00883 71.20576 False
375 36.68085 12.00883 75.1974 True
376 36.68085 12.00883 67.19777 True
90204 33.20856 12.00883 71.20576 False
377 33.20856 12.00883 75.16956 True
90205 29.89781 12.00883 71.20575 False
379 29.89781 12.00883 75.28035 True
90206 26.63857 12.00883 71.20574 False
381 26.63857 12.00883 75.27914 True
378 29.89781 12.00883 67.38673 True
380 26.63857 12.00883 67.35281 True
90207 23.25843 12.00883 71.20573 False
383 23.25843 12.00883 75.29347 True
382 23.25843 12.00883 67.24702 True
90208 19.71712 12.00883 71.20573 False
90209 16.20692 12.00883 71.20572 False
90210 13.10703 12.00883 71.20571 False
385 19.71712 12.00883 75.22944 True
384 19.71712 12.00883 67.1433 True
387 16.20692 12.00883 75.25084 True
386 16.20692 12.00883 67.22359 True
389 13.10703 12.00883 75.28262 True
388 13.10703 12.00883 67.09958 True
90211 9.657487 12.00883 71.2057 False
391 9.657487 12.00883 75.17877 True
90212 6.342843 12.00883 71.2057 False
393 6.342843 12.00883 75.10934 True
90213 3.081532 12.00883 71.20569 False
395 3.081532 12.00883 74.97961 True
90214 -0.27912 12.00883 71.20568 False
397 -0.27912 12.00883 75.15705 True
90215 -3.484718 12.00883 71.20567 False
398 -3.484718 12.00883 75.04272 True
399 -0.2791195 12.00883 67.28197 True
90216 6.342843 12.00883 59.98621 False
390 9.575898 12.00883 59.9862 True
399a -0.03328896 12.00883 59.9862 True
90217 6.342842 12.00883 56.60271 False
392 9.681546 12.00883 56.6027 True
90218 6.342842 12.00883 52.95287 False
399b 0.1570044 12.00883 52.95287 True
394 9.62721 12.00883 52.95287 True
90219 6.342841 12.00883 49.45668 False
396 9.546639 12.00883 49.45667 True
90220 6.342842 12.00883 46.03212 False
90221 2.456323 12.00883 46.0321 False
90222 0.1115408 12.00883 46.03209 False
90223 2.456323 12.00883 41.87393 False
90224 1.812713 12.00883 41.87392 False
90225 57.00481 12.00883 71.20578 False
369 57.00481 12.00883 74.5457 True
372 57.00481 12.00883 68.33758 True
90226 63.41959 12.00883 71.20577 False
370 63.41958 12.00883 68.1886 True
367 63.41958 12.00883 74.55275 True
90227 70.24674 12.00883 71.20576 False
365 70.24674 12.00883 74.63345 True
90228 73.52565 12.00883 71.20576 False
368 73.52565 12.00883 68.19739 True
90229 83.64282 12.00883 71.20575 False
363 83.64282 12.00883 74.59133 True
366 83.64282 12.00883 68.00753 True
90230 90.48029 12.00883 71.20574 False
361 90.48028 12.00883 74.48371 True
364 90.48028 12.00883 67.93845 True
90231 93.91265 12.00883 71.20573 False
359 93.91266 12.00883 74.44264 True
90232 97.03279 12.00883 71.20573 False
362 97.03279 12.00883 67.878 True
90233 100.2324 12.00883 71.20572 False
360 100.2324 12.00883 67.80309 True
90234 107.5083 12.00883 71.20571 False
90235 107.5083 12.03835 52.56244 False
358 104.0161 12.03835 52.56243 True
90236 107.5083 12.03835 51.96 False
90237 114.2951 12.03835 51.95999 False
357 114.2951 12.03835 55.0047 True
90238 118.0777 12.03835 51.95998 False
356 118.0777 12.03835 55.01931 True
90239 121.4735 12.03835 51.95998 False
355 121.4735 12.03835 55.04295 True
90240 122.8802 12.03835 51.95998 False
90241 122.8795 12.03835 34.41866 False
352 115.3015 12.03835 34.41879 True
90242 124.2535 12.03835 51.95998 False
90243 124.2536 12.03835 50.88403 False
90244 129.1337 12.03835 50.8839 False
90245 129.1331 12.03835 52.2296 False
90246 127.179 13.2107 52.22942 False
90247 79.32926 7.69695 13.23855 False
90248 79.5844 7.69695 13.23855 False
238 79.5845 7.69695 10.67133 True
90249 83.58232 7.69695 13.2385 False
240 83.5826 7.69695 10.67921 True
90250 84.94236 7.69695 13.23848 False
90251 88.12054 7.69695 13.23853 False
241 88.12039 7.69695 15.75725 True
242 88.12039 7.69695 10.61908 True
90252 91.91993 7.69695 13.23845 False
244 91.9203 7.689506 10.33267 True
90253 95.91963 7.689506 13.23844 False
243 95.91987 7.689506 16.1942 True
245 95.91986 7.689505 10.35689 True
90254 99.42332 7.689506 13.23848 False
246 99.42312 7.689506 10.33862 True
90255 99.42312 7.689506 17.93947 False
90256 102.3854 7.689506 17.93953 False
90257 102.3844 7.689506 16.84084 False
90258 107.5796 7.689506 16.84081 False
90259 107.5795 7.689506 17.86992 False
90260 107.579 7.689506 19.09326 False
90261 105.5616 8.979995 19.09318 False
90262 104.081 10.003 19.09314 False
90263 113.3189 7.689506 17.86999 False
90264 75.19648 7.689506 13.2386 False
239 75.19631 7.689506 15.63914 True
90265 74.71674 7.689506 13.23864 False
236 74.7163 7.689506 10.67712 True
90266 71.60127 7.689506 13.2387 False
237 71.60087 7.689506 15.55948 True
90267 71.04098 7.689506 13.23858 False
234 71.04118 7.689506 10.76657 True
90268 67.76378 7.689506 13.23849 False
235 67.76371 7.689506 15.63295 True
232 67.76371 7.689506 10.69599 True
90269 64.03638 7.689506 13.23841 False
233 64.03601 7.689506 15.53752 True
230 64.03601 7.689506 10.5813 True
90270 60.28204 7.689506 13.23838 False
231 60.28199 7.689506 15.55361 True
228 60.28199 7.689506 10.0995 True
90271 59.13032 7.689506 13.23838 False
90272 59.12988 7.689506 12.80372 False
90273 56.46147 7.689506 12.80379 False
226 56.46136 7.689506 10.02053 True
90275 119.5982 7.689506 17.86994 False
90276 119.5979 7.689506 14.85592 False
90277 118.0915 7.689506 14.85583 False
90278 118.0926 7.689506 12.73808 False
90279 118.0922 9.589806 10.17937 False
90280 79.32913 7.689506 18.99377 False
90281 80.35126 7.689506 18.99365 False
90282 80.35135 9.745678 21.44482 False
90283 78.07082 9.745678 21.44495 False
90284 78.07043 12.03835 19.77067 False
90285 78.9022 12.03835 19.77067 False
90286 79.95915 12.03835 19.77071 False
90288 118.9237 12.03835 34.4186 False
90290 122.8795 12.03835 25.24918 False
90291 78.90143 12.03835 13.8341 False
90292 79.21344 12.03835 13.83413 False
340 79.21329 12.03835 11.51425 True
90293 83.48119 12.03835 13.83412 False
342 83.48129 12.03835 11.45579 True
90294 84.49016 12.03835 13.83416 False
90295 87.6398 12.03835 13.8342 False
343 87.6398 12.03835 11.5293 True
90296 91.62024 12.03835 13.83426 False
339 91.61972 12.03835 15.8835 True
344 91.61972 12.03835 11.71295 True
90297 95.30704 12.03835 13.83428 False
341 95.3063 12.03835 15.708 True
345 95.3063 12.03835 11.66974 True
90298 99.44878 12.03835 13.83422 False
346 99.44881 12.03835 11.70416 True
90299 99.44881 12.03835 18.262 False
90300 102.3573 12.03835 19.09317 False
90301 102.3574 12.03835 16.92799 False
90302 107.6024 12.03835 16.92802 False
90303 107.6029 12.03835 18.30877 False
90304 107.6022 12.03835 19.28257 False
90305 105.7324 12.96369 19.28261 False
90306 103.8743 13.99606 19.28265 False
90307 108.4214 12.03835 16.92804 False
347 108.4217 12.03835 14.90375 True
90308 108.4217 12.03835 18.33664 False
90309 115.7597 12.03835 18.33664 False
348 115.7597 12.03835 14.88059 True
90310 124.4509 12.03835 18.33664 False
349 124.4505 12.03835 14.74637 True
90311 131.1858 12.03835 18.33664 False
90312 131.1856 12.03835 17.90105 False
351 134.3463 12.03835 17.90084 True
350 131.1856 12.03835 14.60038 True
90313 103.1301 10.74 19.09317 False
90314 74.93679 12.03835 13.83413 False
337 74.93652 12.03835 15.72152 True
90315 71.37612 12.03835 13.83412 False
335 71.37576 12.03835 15.81152 True
90316 70.6547 12.03835 13.83416 False
338 70.65508 12.03835 11.56035 True
90317 67.73358 12.03835 13.8342 False
333 67.73376 12.03835 15.69207 True
90318 66.91436 12.03835 13.83426 False
336 66.91409 12.03835 11.56999 True
90319 64.07892 12.03835 13.83419 False
331 64.07889 12.03835 15.48309 True
90320 63.14944 12.03835 13.83421 False
334 63.14947 12.03835 11.55175 True
90321 60.19392 12.03835 13.83414 False
329 60.19343 12.03835 15.87724 True
332 60.19343 12.03835 11.71872 True
90322 56.36729 12.03835 13.83417 False
90323 56.36743 12.03835 13.09861 False
330 56.36739 12.03835 11.55881 True
90324 52.61882 12.00877 13.09869 False
90325 52.61864 12.01 13.3861 False
90326 -0.6734638 14.0654 18.97374 False
315 -6.900021 12.01031 16.2789 True
90327 -4.018452 14.37866 18.97365 False
90328 -4.018452 16.33488 16.48351 False
90329 -2.272444 16.33488 16.48351 False
90330 -0.5670075 16.33488 16.48345 False
90331 -0.5670052 16.33488 17.11854 False
90332 -0.5670042 18.37336 19.10904 False
90333 -13.78373 14.33807 18.92995 False
90334 -13.78369 16.33488 16.34232 False
90335 -15.44953 16.33488 16.34224 False
90336 -17.15402 16.33488 16.34228 False
90337 -17.15405 16.33488 17.03883 False
90338 -17.15407 18.37335 19.12293 False
90339 -15.4495 16.33488 13.65422 False
90340 -10.18986 16.33488 13.65424 False
412 -10.18988 16.33488 10.47445 True
90341 -6.627296 16.33488 13.65409 False
409 -6.627267 16.33488 16.70942 True
90342 -3.124355 16.33488 13.65401 False
90343 -3.124344 16.33488 10.87076 False
414 -0.4742756 16.33488 10.87072 True
90344 1.946318 16.33488 10.87057 False
90345 -2.272444 16.33488 13.65396 False
90346 1.946318 16.33488 13.65402 False
90347 -19.8708 16.33488 13.65424 False
407 -19.87076 16.33488 16.16596 True
410 -19.87075 16.33488 10.55187 True
90348 -23.5382 16.33488 13.65409 False
405 -23.53811 16.33488 16.26172 True
90349 -30.48896 16.33488 13.65401 False
408 -30.48899 16.33488 9.25 True
90350 -34.99765 16.33488 13.65397 False
90351 -34.99775 16.33488 22.44137 False
90352 -35.57964 16.33488 22.44124 False
90353 -35.57951 16.33488 25.25756 False
406 -37.9462 16.33488 25.2576 True
90354 -35.57937 16.33488 27.36201 False
403 -33.16976 16.33488 27.36189 True
404 -37.90069 16.33488 27.36189 True
90355 -35.57923 16.33488 31.38834 False
402 -37.91375 16.33488 31.38837 True
90356 -34.07943 16.33488 31.38837 False
90357 -34.07943 16.33488 30.09348 False
90358 -34.07943 16.33488 32.59913 False
90359 -32.09739 18.23082 32.59893 False
90360 -32.09734 18.23082 30.15636 False
90361 -35.57911 16.33488 35.14224 False
400 -37.97101 16.33488 35.14209 True
90362 -35.57909 16.33488 35.59678 False
401 -33.87511 16.33488 35.59685 True
90363 5.67324 16.33488 13.65395 False
416 5.67324 16.33488 10.84098 True
411 5.673234 16.33488 16.01056 True
90364 9.104012 16.33488 13.65396 False
413 9.104008 16.33488 15.96945 True
90365 12.81579 16.33488 13.65401 False
415 12.8158 16.33488 16.10406 True
90366 16.34702 16.33488 13.65395 False
418 16.34696 16.33488 11.08531 True
90367 19.87548 16.33488 13.65395 False
420 19.87539 16.33488 11.34682 True
90368 23.14425 16.33488 13.65395 False
417 23.14441 16.33488 16.29382 True
422 23.14441 16.33488 11.32829 True
90369 26.34704 16.33488 13.65395 False
424 26.34717 16.33488 11.38872 True
90370 29.57459 16.33488 13.65395 False
419 29.5745 16.33488 16.32013 True
426 29.5745 16.33488 11.3201 True
90371 32.78202 16.33488 13.65395 False
421 32.7818 16.33488 16.37224 True
428 32.7818 16.33488 9.62731 True
90372 35.98944 16.33488 13.65395 False
423 35.98932 16.33488 16.33614 True
90373 35.98932 16.33488 9.494506 False
90374 35.14168 16.33488 9.494506 False
90375 35.14159 18.17996 7.459444 False
90376 36.95627 18.17996 7.459438 False
90377 38.90096 16.33488 13.65395 False
430 38.90102 16.33488 11.3135 True
90378 42.20309 16.33488 13.65395 False
425 42.20287 16.33488 16.42323 True
432 42.20287 16.33488 11.11694 True
90379 45.40588 16.33488 13.65395 False
434 45.40563 16.33488 11.0222 True
90381 48.40684 16.33488 13.65395 False
436 48.40702 16.33488 11.00583 True
90382 52.03716 16.33488 13.65395 False
429 52.03686 16.33488 16.48493 True
438 52.03686 16.33488 10.85494 True
90383 36.99454 16.33488 9.494505 False
527 90503
536 90503
90503 90502 536 527
534 90502
90502 90501 534 90503
525 90501
532 90501
90501 90500 532 525 90502
530 90500
90500 90499 530 90501
528 90499
90499 90498 528 90500
523 90498
90498 90492 523 90499
90497 90496
90496 90495 90497
90495 90493 90496
90494 90493 90376
90493 90492 90494 90495
90492 90491 90493 90498
526 90491
521 90491
90491 90490 521 526 90492
519 90490
524 90490
90490 90489 524 519 90491
522 90489
517 90489
90489 90488 517 522 90490
515 90488
90488 90487 515 90489
520 90487
90487 90486 520 90488
518 90486
90486 90485 518 90487
513 90485
516 90485
90485 90484 516 513 90486
90484 90455 90485
501 90483
90483 90482 501
500 90482
90482 90476 500 90483
90481 90480
90480 90479 90481
90479 90477 90480
90478 90477 90360
90477 90476 90478 90479
502 90476
90476 90475 502 90477 90482
504 90475
503 90475
90475 90474 503 504 90476
90474 90473 90475
90473 90472 90474
90472 90471 90473
506 90471
90471 90470 506 90472
505 90470
90470 90469 505 90471
508 90469
90469 90468 508 90470
507 90468
90468 90467 507 90469
509 90467
90467 90466 509 90468
510 90466
90466 90460 510 90467
90465 90464
90464 90463 90465
90463 90462 90464 90460
90462 90461 90463
90461 90338 90462
90460 90459 90463 90466
512 90459
90459 90458 512 90460
511 90458
90458 90456 511 90459
514 90456
90456 90455 514 90458
90455 90452 90456 90484
90454 90453
90453 90452 90454
90452 90451 90453 90455
90451 90450 90452
90450 90332 90451
458 90427
460 90449
459 90449
90449 90448 459 460
90448 90447 90449
90447 90427 90448
90446 90445
90445 90444 90446
90444 90443 90445
90443 90441 90444
90442 90438
90441 90440 90438 90443
90440 90439 90441
90439 90246 90440
90438 90437 90441 90442
469 90437
90437 90436 469 90438
90436 90435 90437
468 90435
90435 90432 468 90436
467 90432
90432 90431 467 90435
465 90431
90431 90430 465 90432
464 90430
90430 90429 464 90431
463 90429
90429 90428 463 90430
461 90428
90428 90426 461 90429
90427 90426 90447 458
90426 90425 90427 90428
90425 90419 90426
90423 90422
90422 90421 90423
90421 90420 90422
90420 90419 90421
90419 90418 90420 90425
90418 90417 90419
90417 90415 90418
90416 90415 90306
90415 90414 90416 90417
90414 90413 90415
454 90413
90413 90412 454 90414
453 90412
445 90412
90412 90411 445 453 90413
443 90411
452 90411
90411 90410 452 443 90412
441 90410
451 90410
90410 90409 451 441 90411
450 90409
90409 90396 450 90410
90408 90407
90407 90406 90408
90406 90404 90407
90405 90404 90403
90404 90396 90405 90406
90403 90402 90405
90402 90286 90403
449 90396
90396 90395 449 90404 90409
439 90395
90395 90394 439 90396
448 90394
90394 90393 448 90395
437 90393
90393 90392 437 90394
447 90392
90392 90391 447 90393
435 90391
446 90391
90391 90388 446 435 90392
433 90388
444 90388
442 90387
431 90389
90389 90386 431
440 90386
90388 90387 444 433 90391
90387 90386 90388 442
90386 90382 90387 440 90389
90385 90384 90290
90384 90310 90311 90385
90173 90069 90145
300 90172
90172 90170 300
303 90171
301 90171
90171 90170 303 301
90170 90169 90172 90171
302 90169
90169 90163 90170 302
90168 90357 90167
90167 90166 90168
90166 90164 90167
90165 90117 90164
90164 90163 90166 90165
90163 90162 90169 90164
304 90162
305 90162
90162 90161 90163 304 305
307 90161
90161 90160 90162 307
306 90160
90160 90159 90161 306
90159 90158 90160
90158 90157 90159
308 90157
90157 90156 90158 308
309 90156
90156 90155 90157 309
310 90155
90155 90153 90156 310
311 90153
312 90153
90153 90126 90155 311 312
90151 328 90150
327 90150
90150 90325 90149 90151 327
328 90149 90151
325 90149
90149 90144 90150 328 325
90148 90383 90147
90147 90146 90148
90146 90145 90147
90145 90144 90173 90146
323 90144
90144 90143 90149 90145 323
321 90143
90143 90142 90144 321
326 90142
90142 90141 90143 326
319 90140
324 90141
90141 90140 90142 324
90140 90138 319 90141
322 90138
90138 90137 90140 322
320 90137
90137 90136 90138 320
317 90136
90136 90135 90137 317
90135 90224 90130 90136
313 90126
314 90125
316 90127
318 90129
90134 90086 90132
90133 90326 90131
90132 90131 90134
90131 90130 90133 90132
90130 90129 90135 90131
90129 90128 318 90130
90128 315 90127 90129
90127 90124 316 90128
90126 90125 90153 313
90125 90124 314 90126
90124 90120 90127 90125
90123 90333 90122
90122 90121 90123
90121 90120 90122
90120 90119 90124 90121
90119 90118 90120
90118 90097 90119
90117 90109 90165
90116 90112 90115
90115 90114 90116
90114 90015 90115
90112 90108 90116
201 90111
90111 90110 201
200 90110
90110 90107 90111 200
90109 90108 90117
90108 90107 90112 90109
90107 90106 90110 90108
202 90106
203 90106
90106 90105 90107 202 203
204 90105
90105 90104 90106 204
90104 90103 90105
205 90103
90039 90040 90018
90008 106 90007 90009
90017 90016 103 102
90042 90043 90002
164 90063
90096 90097 90095
90051 90052 90050
90024 90023 90025 118
90092 90091 90098 90093
227 90073
90009 90010 90008
112 90003
162 90062
90014 90013 90015 105
90010 90011 90009
90057 90174 90055 90058
90103 90102 90104 205
105 90014
115 90020
90022 90023 90021
213 90080
90030 90029 90031
90035 122 90028 90036 123
90073 90072 90074 224 227
210 90091 208
211 90090
90018 90019 90001 90039
90058 90059 90057
90077 90076 219 90078
90049 90050 1401
90040 90041 90039
90099 90100 90098
90093 90095 90094 90092
111 90004
218 90076
109 90007
90067 90068 90066
90015 90016 90114 90014
90079 90080 215 214 90078
90046 90045 90047
208 210
123 90035
90001 1400 90002 90018
90044 90043 90094
90054 90055 90053
90078 217 216 90077 90079
90013 104 90012 90014
90094 90093 90044
90033 90032 90065
90007 90006 90008 109
229 90074
90003 113 90004 90002 112
207 90100
212 90088
90011 90012 90010
159 90063
117 90021
22 90072
219 90077
90002 90042 90001 90003
214 90079
220 90075
90005 90006 90004 110
107 90012
90034 90045 90028
1401 90047 90049
158 90060
209 90098
90102 90101 90103
90076 90075 90077 218
102 90017
125 90036
161 90063 90064
90019 90020 90018
90037 124 90036
215 90079
110 90005
90050 90051 90049
1400 90001
90043 90042 90044
90036 90035 125 90037
90027 120 90026 90028
108 90006
124 90037
224 90073
90090 90089 211
216 90078
90082 90087 90081
90069 90068 90173
90098 90092 90099 209
90071 223 90072 90075 90066
90028 90029 90035 90034 90027
90080 90081 213 90079
90089 90088 90091 90090
90084 90083 90087
121 90026
90066 90065 90067 90071
90041 90085 90040
90053 90052 90054
90074 90073 229
90064 161
225 90072
90063 90062 164 159 161
90075 221 220 90076 90071
90004 111 90003 90005
90065 90033 90066
90091 90092 210 90089
90047 90046 1401
90086 90083 90134
90068 90067 90069
90031 90032 90030
90081 90082 90080
90029 90030 90028
90021 90020 90022 117
90020 115 90019 90021
90100 90101 90099 207
103 90017
90085 90041
90016 90017 90015
113 90003
90059 90060 90058
90026 90025 90027 121
90052 90051 90053
90062 90061 162 90063
90012 90013 90011 107
160 90061
118 90024
90060 90061 158 90059
90072 90073 22 90071 225
221 90075
104 90013
90087 90088 90082 90084
90095 90096 90093
90032 90033 90031
106 90008
90083 90084 90086
90055 90057 90054
90097 90118 90096
217 90078
122 90035
223 90071
90101 206 90102 90100
90045 90046 90034
90025 119 90024 90026
90088 212 90089 90087
119 90025
90023 90024 90022
90006 90007 90005 108
90061 90062 160 90060
206 90101
120 90027
90174 90180 90177 90175 90057
90175 90176 90174
90176 90197 90179 90175
90177 90178 90174
90178 90195 90179 90177
90179 90176 90178
90180 284 90181 90174
90181 90182 90180
90182 90183 287 90181
287 90182
90183 90184 90182
90184 90185 289 286 90183
286 90184
289 90184
90185 90186 90184
90186 293 90185
293 90187 90186
90187 90188 295 293
295 90187
296 90188
90188 90189 90187 296
90189 90190 297 90188
297 90189
90190 90191 298 90189
298 90190
90191 90192 290 90190
290 90191
90192 90193 292 299 90191
299 90192
292 90192
90193 90194 294 90192
294 90193
90194 90193
284 90180
90195 90196 90178
90196 90198 90197 90195
90197 90176 90196
90198 90201 90199 90196
90199 90225 371 90198
371 90199
90201 90202 374 90198
374 90201
90202 373 90201
373 90202
90203 90204 376 375
375 90203
376 90203
90204 90205 377 90203
377 90204
90205 378 90206 379 90204
379 90205
90206 90207 380 381 90205
381 90206
378 90205
380 90206
90207 90208 382 383 90206
383 90207
382 90207
90208 384 385 90209 90207
90209 386 387 90210 90208
90210 90211 388 389 90209
385 90208
384 90208
387 90209
386 90209
389 90210
388 90210
90211 90212 391 90210
391 90211
90212 90216 90213 393 90211
393 90212
90213 90214 395 90212
395 90213
90214 399 90215 397 90213
397 90214
90215 398 90214
398 90215
399 90214
90216 90217 399a 390 90212
390 90216
399a 90216
90217 90218 392 90216
392 90217
90218 90219 394 399b 90217
399b 90218
394 90218
90219 90220 396 90218
396 90219
90220 90221 90219
90221 90223 90222 90220
90222 90221
90223 90224 90221
90224 90135 90223
90225 90226 372 369 90199
369 90225
372 90225
90226 90227 367 370 90225
370 90226
367 90226
90227 90228 365 90226
365 90227
90228 90229 368 90227
368 90228
90229 90230 366 363 90228
363 90229
366 90229
90230 90231 364 361 90229
361 90230
364 90230
90231 90232 359 90230
359 90231
90232 90233 362 90231
362 90232
90233 90234 360 90232
360 90233
90234 90235 90233
90235 90236 358 90234
358 90235
90236 90237 90235
90237 90238 357 90236
357 90237
90238 90239 356 90237
356 90238
90239 90240 355 90238
355 90239
90240 90242 90241 90239
90241 90290 90288 90240
352 90288
90242 90243 90240
90243 90244 90242
90244 90245 90243
90245 90246 90244
90246 90245 90439
90247 90280 90264 90248
90248 90249 238 90247
238 90248
90249 90250 240 90248
240 90249
90250 90251 90249
90251 90252 242 241 90250
241 90251
242 90251
90252 90253 244 90251
244 90252
90253 90254 245 243 90252
243 90253
245 90253
90254 90255 246 90253
246 90254
90255 90256 90254
90256 90257 90255
90257 90258 90256
90258 90259 90257
90259 90263 90260 90258
90260 90261 90259
90261 90262 90260
90262 90313 90261
90263 90275 90259
90264 90265 239 90247
239 90264
90265 90266 236 90264
236 90265
90266 90267 237 90265
237 90266
90267 90268 234 90266
234 90267
90268 90269 232 235 90267
235 90268
232 90268
90269 90270 230 233 90268
233 90269
230 90269
90270 90271 228 231 90269
231 90270
228 90270
90271 90272 90270
90272 90273 90271
90273 226 90272
226 90273
90275 90276 90263
90276 90277 90275
90277 90278 90276
90278 90279 90277
90279 90278
90280 90281 90247
90281 90282 90280
90282 90283 90281
90283 90284 90282
90284 90285 90283
90285 90291 90286 90284
90286 90285 90402
90288 90241 352
90290 90241 90385
90291 90314 90292 90285
90292 90293 340 90291
340 90292
90293 90294 342 90292
342 90293
90294 90295 90293
90295 90296 343 90294
343 90295
90296 90297 344 339 90295
339 90296
344 90296
90297 90298 345 341 90296
341 90297
345 90297
90298 90299 346 90297
346 90298
90299 90300 90298
90300 90313 90301 90299
90301 90302 90300
90302 90307 90303 90301
90303 90308 90304 90302
90304 90305 90303
90305 90306 90304
90306 90305 90416
90307 90308 347 90302
347 90307
90308 90309 90303 90307
90309 90310 348 90308
348 90309
90310 349 90309 90384
349 90310
90311 90312 90384
90312 350 351 90311
351 90312
350 90312
90313 90262 90300
90314 90315 337 90291
337 90314
90315 90316 335 90314
335 90315
90316 90317 338 90315
338 90316
90317 90318 333 90316
333 90317
90318 90319 336 90317
336 90318
90319 90320 331 90318
331 90319
90320 90321 334 90319
334 90320
90321 90322 332 329 90320
329 90321
332 90321
90322 90323 90321
90323 90324 330 90322
330 90323
90324 90325 90323
90325 90150 90324
90326 90327 90133
315 90128
90327 90328 90326
90328 90329 90327
90329 90345 90330 90328
90330 90331 90329
90331 90332 90330
90332 90331 90450
90333 90334 90123
90334 90335 90333
90335 90339 90336 90334
90336 90337 90335
90337 90338 90336
90338 90337 90461
90339 90347 90340 90335
90340 90341 412 90339
412 90340
90341 90342 409 90340
409 90341
90342 90345 90343 90341
90343 414 90342
414 90344 90343
90344 90346 414
90345 90346 90329 90342
90346 90363 90344 90345
90347 90348 410 407 90339
407 90347
410 90347
90348 90349 405 90347
405 90348
90349 90350 408 90348
408 90349
90350 90351 90349
90351 90352 90350
90352 90353 90351
90353 90354 406 90352
406 90353
90354 90355 404 403 90353
403 90354
404 90354
90355 90361 90356 402 90354
402 90355
90356 90358 90357 90355
90357 90168 90356
90358 90359 90356
90359 90360 90358
90360 90359 90478
90361 90362 400 90355
400 90361
90362 401 90361
401 90362
90363 90364 411 416 90346
416 90363
411 90363
90364 90365 413 90363
413 90364
90365 90366 415 90364
415 90365
90366 90367 418 90365
418 90366
90367 90368 420 90366
420 90367
90368 90369 422 417 90367
417 90368
422 90368
90369 90370 424 90368
424 90369
90370 90371 426 419 90369
419 90370
426 90370
90371 90372 428 421 90370
421 90371
428 90371
90372 90377 90373 423 90371
423 90372
90373 90383 90374 90372
90374 90375 90373
90375 90376 90374
90376 90375 90494
90377 90378 430 90372
430 90377
90378 90379 432 425 90377
425 90378
432 90378
90379 90381 434 90378
434 90379
90381 90382 436 90379
436 90381
90382 438 429 90381 90386
429 90382
438 90382
90383 90148 90373
